[Header]
Time	12/10/2020 03:53 PM
Range	250.0000-800.0000
Increment	1.0000
Measurement Type	Irradiance
calOrStdFile	C:\Users\Public\Documents\GoochandHousego\OL 756 Application Software\201210_OL756_with_DOME_window_P195a_respones_check.cal
quickScan	No
darkCurrent	1.226021e-011
OL731Used	0
OL731BaseSignal	0.000000e+000
PMTVoltage	6.500000e+002
Units	(W/m^2nm)
PMTFluxOverload	1.000000e-005
Scan Rate	1
UserDefIntTime	0.001000
DarkCurrentStatus	ENABLED
Dark Current Mode	Shutter
DCWavelength	100.000
AutoDCCompEnabled	1
DeltaDC	2.525563e-011
Gain	Auto-ranging
Settling time	0.0200
Adaptive-1.0E-5	4
Adaptive-1.0E-6	4
Adaptive-1.0E-7	4
Adaptive-1.0E-8	3
Adaptive-1.0E-9	1
Adaptive-1.0E-10	1
Adaptive-1.0E-11	1
Watermark	-1
Response Signal	0.000000e+000
Response Wavelength	0.000
Averaged Scans	1
[Designation]
Line0	201210_RmP195a_313nm_UV, no extra white light. PAR=3.6 mikromoles m-2 s-1
[Start Data]
250.0000	7.935132e-011	-10
251.0000	1.239778e-010	-10
252.0000	2.529099e-010	-10
253.0000	8.161479e-009	-10
254.0000	1.066342e-008	-10
255.0000	8.377185e-010	-10
256.0000	2.407939e-010	-10
257.0000	1.681095e-010	-10
258.0000	3.591200e-010	-10
259.0000	2.642039e-010	-10
260.0000	1.774970e-010	-10
261.0000	2.896946e-011	-10
262.0000	3.205512e-011	-10
263.0000	4.872727e-011	-10
264.0000	5.277404e-010	-10
265.0000	5.739311e-009	-10
266.0000	2.721088e-009	-10
267.0000	-7.139116e-012	-10
268.0000	1.542427e-010	-10
269.0000	4.791308e-010	-10
270.0000	1.536508e-009	-10
271.0000	4.452492e-010	-10
272.0000	2.022261e-010	-10
273.0000	4.338683e-010	-10
274.0000	1.637600e-009	-10
275.0000	1.617179e-008	-10
276.0000	1.040395e-008	-10
277.0000	2.759551e-009	-10
278.0000	3.464035e-009	-10
279.0000	6.142989e-009	-10
280.0000	3.886253e-008	-9
281.0000	3.867923e-008	-9
282.0000	3.403817e-008	-9
283.0000	3.815246e-008	-9
284.0000	2.625968e-008	-9
285.0000	3.326876e-008	-9
286.0000	4.470584e-008	-9
287.0000	5.097398e-008	-9
288.0000	6.940848e-008	-9
289.0000	2.479989e-007	-8
290.0000	2.042752e-007	-8
291.0000	1.216723e-007	-9
292.0000	1.616311e-007	-8
293.0000	1.949089e-007	-8
294.0000	1.983286e-007	-8
295.0000	2.306225e-007	-8
296.0000	5.011826e-007	-8
297.0000	9.931828e-007	-8
298.0000	4.066140e-007	-8
299.0000	3.821364e-007	-8
300.0000	4.360445e-007	-8
301.0000	5.172149e-007	-8
302.0000	1.005733e-006	-8
303.0000	8.362484e-007	-8
304.0000	8.068398e-007	-8
305.0000	3.230430e-006	-7
306.0000	7.113524e-006	-7
307.0000	3.065791e-006	-7
308.0000	1.714037e-006	-7
309.0000	4.261176e-006	-7
310.0000	3.171370e-005	-6
311.0000	1.256270e-004	-6
312.0000	1.292775e-004	-6
313.0000	5.267061e-005	-6
314.0000	1.001688e-005	-7
315.0000	4.554318e-006	-7
316.0000	2.614479e-006	-7
317.0000	1.968852e-006	-7
318.0000	1.770508e-006	-7
319.0000	1.623318e-006	-7
320.0000	1.647455e-006	-7
321.0000	1.649106e-006	-7
322.0000	1.745329e-006	-7
323.0000	1.858347e-006	-7
324.0000	1.940454e-006	-7
325.0000	2.391270e-006	-7
326.0000	2.455958e-006	-7
327.0000	1.844488e-006	-7
328.0000	1.218366e-006	-7
329.0000	1.029696e-006	-7
330.0000	9.878580e-007	-7
331.0000	9.542708e-007	-7
332.0000	9.364564e-007	-7
333.0000	9.487932e-007	-7
334.0000	1.225032e-006	-7
335.0000	9.798035e-007	-7
336.0000	8.876856e-007	-7
337.0000	8.823518e-007	-7
338.0000	8.641586e-007	-7
339.0000	8.514127e-007	-7
340.0000	8.381397e-007	-7
341.0000	8.291444e-007	-7
342.0000	8.161409e-007	-7
343.0000	7.999739e-007	-7
344.0000	7.962106e-007	-7
345.0000	7.812001e-007	-7
346.0000	7.679167e-007	-7
347.0000	7.583007e-007	-7
348.0000	7.503431e-007	-7
349.0000	7.386177e-007	-7
350.0000	7.297906e-007	-7
351.0000	7.198469e-007	-7
352.0000	7.041407e-007	-7
353.0000	7.016368e-007	-7
354.0000	6.934429e-007	-7
355.0000	6.886013e-007	-7
356.0000	6.775768e-007	-7
357.0000	6.689924e-007	-7
358.0000	6.622872e-007	-7
359.0000	6.559479e-007	-7
360.0000	6.452591e-007	-7
361.0000	6.395505e-007	-7
362.0000	6.366818e-007	-7
363.0000	6.382800e-007	-8
364.0000	1.193198e-006	-7
365.0000	4.586295e-006	-7
366.0000	2.096880e-006	-7
367.0000	8.565803e-007	-7
368.0000	6.017116e-007	-8
369.0000	5.936514e-007	-8
370.0000	5.929339e-007	-8
371.0000	5.854083e-007	-8
372.0000	5.754406e-007	-8
373.0000	5.731324e-007	-8
374.0000	5.663793e-007	-8
375.0000	5.609229e-007	-8
376.0000	5.564887e-007	-8
377.0000	5.528486e-007	-8
378.0000	5.409992e-007	-8
379.0000	5.378795e-007	-8
380.0000	5.363380e-007	-8
381.0000	5.292142e-007	-8
382.0000	5.235127e-007	-8
383.0000	5.187229e-007	-8
384.0000	5.143392e-007	-8
385.0000	5.079446e-007	-8
386.0000	5.002614e-007	-8
387.0000	4.968214e-007	-8
388.0000	4.936632e-007	-8
389.0000	4.864514e-007	-8
390.0000	4.964816e-007	-8
391.0000	4.950283e-007	-8
392.0000	4.761905e-007	-8
393.0000	4.716997e-007	-8
394.0000	4.683755e-007	-8
395.0000	4.650801e-007	-8
396.0000	4.603920e-007	-8
397.0000	4.570443e-007	-8
398.0000	4.536650e-007	-8
399.0000	4.486058e-007	-8
400.0000	4.456332e-007	-8
401.0000	4.423803e-007	-8
402.0000	4.469880e-007	-8
403.0000	4.795788e-007	-8
404.0000	4.868875e-006	-7
405.0000	6.149397e-006	-7
406.0000	5.372004e-007	-7
407.0000	6.209918e-007	-8
408.0000	8.119312e-007	-7
409.0000	4.159180e-007	-8
410.0000	4.062219e-007	-8
411.0000	4.056559e-007	-8
412.0000	3.937324e-007	-8
413.0000	3.897316e-007	-8
414.0000	3.863612e-007	-8
415.0000	3.824540e-007	-8
416.0000	3.752452e-007	-8
417.0000	3.698451e-007	-8
418.0000	3.660778e-007	-8
419.0000	3.617973e-007	-8
420.0000	3.560077e-007	-8
421.0000	3.511538e-007	-8
422.0000	3.451627e-007	-8
423.0000	3.408352e-007	-8
424.0000	3.354355e-007	-8
425.0000	3.320716e-007	-8
426.0000	3.257961e-007	-8
427.0000	3.209092e-007	-8
428.0000	3.145869e-007	-8
429.0000	3.122259e-007	-8
430.0000	3.068007e-007	-8
431.0000	3.024326e-007	-8
432.0000	2.991205e-007	-8
433.0000	3.200543e-007	-8
434.0000	4.775690e-007	-8
435.0000	8.652187e-006	-6
436.0000	2.154900e-005	-6
437.0000	7.215474e-007	-7
438.0000	3.013702e-007	-8
439.0000	2.699638e-007	-8
440.0000	2.611125e-007	-8
441.0000	2.576198e-007	-8
442.0000	2.521687e-007	-8
443.0000	2.472705e-007	-8
444.0000	2.435737e-007	-8
445.0000	2.393956e-007	-8
446.0000	2.352744e-007	-8
447.0000	2.308047e-007	-8
448.0000	2.266504e-007	-8
449.0000	2.222406e-007	-8
450.0000	2.193017e-007	-8
451.0000	2.147364e-007	-8
452.0000	2.117329e-007	-8
453.0000	2.088114e-007	-8
454.0000	2.044869e-007	-8
455.0000	2.026216e-007	-8
456.0000	1.990376e-007	-8
457.0000	1.958529e-007	-8
458.0000	1.917994e-007	-8
459.0000	1.883383e-007	-8
460.0000	1.850754e-007	-8
461.0000	1.817170e-007	-8
462.0000	1.775807e-007	-8
463.0000	1.769100e-007	-8
464.0000	1.723598e-007	-8
465.0000	1.687768e-007	-8
466.0000	1.651909e-007	-8
467.0000	1.635392e-007	-8
468.0000	1.606430e-007	-8
469.0000	1.590498e-007	-8
470.0000	1.555274e-007	-8
471.0000	1.532013e-007	-8
472.0000	1.507833e-007	-8
473.0000	1.499802e-007	-8
474.0000	1.460649e-007	-8
475.0000	1.448176e-007	-8
476.0000	1.414991e-007	-8
477.0000	1.398428e-007	-8
478.0000	1.367812e-007	-8
479.0000	1.340970e-007	-8
480.0000	1.315495e-007	-8
481.0000	1.297607e-007	-8
482.0000	1.286941e-007	-8
483.0000	1.262196e-007	-8
484.0000	1.251319e-007	-8
485.0000	1.221209e-007	-8
486.0000	1.194179e-007	-8
487.0000	1.182991e-007	-8
488.0000	1.157391e-007	-8
489.0000	1.128118e-007	-8
490.0000	1.119188e-007	-8
491.0000	1.725844e-007	-8
492.0000	1.516387e-007	-8
493.0000	1.075284e-007	-8
494.0000	1.055090e-007	-8
495.0000	1.030325e-007	-8
496.0000	1.011277e-007	-8
497.0000	1.000663e-007	-8
498.0000	9.847611e-008	-8
499.0000	9.697699e-008	-8
500.0000	9.521756e-008	-8
501.0000	9.341645e-008	-8
502.0000	9.236307e-008	-8
503.0000	9.069552e-008	-8
504.0000	8.874388e-008	-8
505.0000	8.835465e-008	-8
506.0000	8.622240e-008	-9
507.0000	8.435903e-008	-9
508.0000	8.296811e-008	-9
509.0000	8.277023e-008	-9
510.0000	8.172395e-008	-9
511.0000	8.056404e-008	-9
512.0000	7.923993e-008	-9
513.0000	7.828272e-008	-9
514.0000	7.636822e-008	-9
515.0000	7.520612e-008	-9
516.0000	7.473437e-008	-9
517.0000	7.425405e-008	-9
518.0000	7.153428e-008	-9
519.0000	7.060244e-008	-9
520.0000	6.960894e-008	-9
521.0000	6.884046e-008	-9
522.0000	6.897653e-008	-9
523.0000	6.723515e-008	-9
524.0000	6.664497e-008	-9
525.0000	6.530965e-008	-9
526.0000	6.482947e-008	-9
527.0000	6.300050e-008	-9
528.0000	6.212162e-008	-9
529.0000	6.166363e-008	-9
530.0000	6.007926e-008	-9
531.0000	6.027053e-008	-9
532.0000	5.850202e-008	-9
533.0000	5.838436e-008	-9
534.0000	5.690625e-008	-9
535.0000	5.855259e-008	-9
536.0000	5.592075e-008	-9
537.0000	5.628009e-008	-9
538.0000	5.473402e-008	-9
539.0000	5.525323e-008	-9
540.0000	5.469373e-008	-9
541.0000	5.688154e-008	-9
542.0000	5.660449e-008	-9
543.0000	6.178535e-008	-9
544.0000	8.104177e-008	-9
545.0000	3.501285e-006	-7
546.0000	1.284051e-005	-7
547.0000	1.612797e-007	-8
548.0000	6.235047e-008	-9
549.0000	5.119391e-008	-9
550.0000	4.923812e-008	-9
551.0000	4.741480e-008	-9
552.0000	4.646943e-008	-9
553.0000	4.527352e-008	-9
554.0000	4.445094e-008	-9
555.0000	4.336567e-008	-9
556.0000	4.343061e-008	-9
557.0000	4.236704e-008	-9
558.0000	4.183261e-008	-9
559.0000	4.100373e-008	-9
560.0000	4.131222e-008	-9
561.0000	4.030772e-008	-9
562.0000	3.993480e-008	-9
563.0000	3.905235e-008	-9
564.0000	3.995959e-008	-9
565.0000	3.943756e-008	-9
566.0000	3.866777e-008	-9
567.0000	4.091081e-008	-9
568.0000	3.918892e-008	-9
569.0000	3.774312e-008	-9
570.0000	3.795434e-008	-9
571.0000	3.671501e-008	-9
572.0000	3.686572e-008	-9
573.0000	3.755533e-008	-9
574.0000	3.715148e-008	-9
575.0000	3.974178e-008	-9
576.0000	6.150149e-007	-8
577.0000	1.706403e-006	-8
578.0000	4.356764e-007	-8
579.0000	1.629211e-006	-8
580.0000	4.461992e-008	-9
581.0000	3.542773e-008	-9
582.0000	3.377830e-008	-9
583.0000	3.407419e-008	-9
584.0000	3.301148e-008	-9
585.0000	3.473501e-008	-9
586.0000	3.492187e-008	-9
587.0000	3.691577e-008	-9
588.0000	3.426727e-008	-9
589.0000	3.300449e-008	-9
590.0000	3.220924e-008	-9
591.0000	3.030539e-008	-9
592.0000	2.957570e-008	-9
593.0000	2.949533e-008	-9
594.0000	2.862448e-008	-9
595.0000	2.870308e-008	-9
596.0000	2.780631e-008	-9
597.0000	2.917421e-008	-9
598.0000	2.936963e-008	-9
599.0000	2.968041e-008	-9
600.0000	2.817231e-008	-9
601.0000	2.678569e-008	-9
602.0000	2.608651e-008	-9
603.0000	2.618130e-008	-9
604.0000	2.513671e-008	-9
605.0000	2.396951e-008	-9
606.0000	2.414792e-008	-9
607.0000	2.789734e-008	-9
608.0000	2.493100e-008	-9
609.0000	2.418894e-008	-9
610.0000	2.400758e-008	-9
611.0000	2.547078e-008	-9
612.0000	3.176501e-008	-9
613.0000	2.430381e-008	-9
614.0000	2.350665e-008	-9
615.0000	2.329389e-008	-9
616.0000	2.291709e-008	-9
617.0000	2.247721e-008	-9
618.0000	2.179333e-008	-9
619.0000	2.269596e-008	-9
620.0000	2.295842e-008	-9
621.0000	2.242809e-008	-9
622.0000	2.205429e-008	-9
623.0000	2.706488e-008	-9
624.0000	2.078988e-008	-9
625.0000	2.003000e-008	-9
626.0000	1.967115e-008	-9
627.0000	1.982982e-008	-9
628.0000	1.850015e-008	-9
629.0000	1.861878e-008	-9
630.0000	1.879725e-008	-9
631.0000	1.856397e-008	-9
632.0000	1.906977e-008	-9
633.0000	1.872290e-008	-9
634.0000	1.807505e-008	-10
635.0000	1.811510e-008	-10
636.0000	1.725809e-008	-10
637.0000	1.704385e-008	-10
638.0000	1.725365e-008	-10
639.0000	1.685605e-008	-10
640.0000	1.645205e-008	-10
641.0000	1.711963e-008	-10
642.0000	1.762527e-008	-10
643.0000	1.728731e-008	-10
644.0000	1.656448e-008	-10
645.0000	1.584179e-008	-10
646.0000	1.450481e-008	-10
647.0000	1.462056e-008	-10
648.0000	1.506223e-008	-10
649.0000	1.531427e-008	-10
650.0000	1.466926e-008	-10
651.0000	1.441306e-008	-10
652.0000	1.464532e-008	-10
653.0000	1.492236e-008	-10
654.0000	1.333965e-008	-10
655.0000	1.385348e-008	-10
656.0000	1.426020e-008	-10
657.0000	1.362052e-008	-10
658.0000	1.440077e-008	-10
659.0000	1.461685e-008	-10
660.0000	1.265708e-008	-10
661.0000	1.323790e-008	-10
662.0000	1.255006e-008	-10
663.0000	1.334355e-008	-10
664.0000	1.378151e-008	-10
665.0000	1.324923e-008	-10
666.0000	1.258743e-008	-10
667.0000	1.264325e-008	-10
668.0000	1.239123e-008	-10
669.0000	1.286499e-008	-10
670.0000	1.154710e-008	-10
671.0000	1.740879e-008	-10
672.0000	1.591012e-008	-10
673.0000	1.248582e-008	-10
674.0000	1.200051e-008	-10
675.0000	1.245440e-008	-10
676.0000	1.154300e-008	-10
677.0000	1.129588e-008	-10
678.0000	1.138379e-008	-10
679.0000	1.026340e-008	-10
680.0000	1.087807e-008	-10
681.0000	1.039349e-008	-10
682.0000	1.115372e-008	-10
683.0000	1.072010e-008	-10
684.0000	1.098555e-008	-10
685.0000	1.034840e-008	-10
686.0000	1.121252e-008	-10
687.0000	1.080403e-008	-10
688.0000	1.072069e-008	-10
689.0000	1.094344e-008	-10
690.0000	5.576949e-008	-10
691.0000	6.771807e-008	-9
692.0000	1.277863e-008	-10
693.0000	1.141211e-008	-10
694.0000	1.338084e-008	-10
695.0000	1.298162e-008	-10
696.0000	4.129235e-008	-10
697.0000	2.530830e-008	-10
698.0000	1.072592e-008	-10
699.0000	8.760505e-009	-10
700.0000	9.399299e-009	-10
701.0000	9.928937e-009	-10
702.0000	1.091152e-008	-10
703.0000	1.036282e-008	-10
704.0000	9.370517e-009	-10
705.0000	9.668033e-009	-10
706.0000	2.870324e-008	-10
707.0000	3.224072e-008	-10
708.0000	2.707049e-008	-10
709.0000	1.704782e-008	-10
710.0000	8.631961e-009	-10
711.0000	8.559722e-009	-10
712.0000	9.022859e-009	-10
713.0000	8.518194e-009	-10
714.0000	1.089227e-008	-10
715.0000	1.120410e-008	-10
716.0000	8.784858e-009	-10
717.0000	7.427274e-009	-10
718.0000	8.320907e-009	-10
719.0000	7.820532e-009	-10
720.0000	8.196621e-009	-10
721.0000	7.896754e-009	-10
722.0000	8.166374e-009	-10
723.0000	7.829586e-009	-10
724.0000	8.470609e-009	-10
725.0000	7.502736e-009	-10
726.0000	7.561892e-009	-10
727.0000	1.734565e-008	-10
728.0000	9.058292e-009	-10
729.0000	7.123047e-009	-10
730.0000	6.351291e-009	-10
731.0000	7.588181e-009	-10
732.0000	7.976987e-009	-10
733.0000	7.914593e-009	-10
734.0000	7.191861e-009	-10
735.0000	5.756842e-009	-10
736.0000	6.994158e-009	-10
737.0000	7.898862e-009	-10
738.0000	7.207855e-008	-10
739.0000	2.862704e-008	-10
740.0000	6.655939e-009	-10
741.0000	7.110612e-009	-10
742.0000	6.892800e-009	-10
743.0000	7.745336e-009	-10
744.0000	7.208684e-009	-10
745.0000	6.869214e-009	-10
746.0000	7.174212e-009	-10
747.0000	6.593295e-009	-10
748.0000	7.513800e-009	-10
749.0000	8.320013e-009	-10
750.0000	6.867760e-008	-10
751.0000	8.601550e-008	-10
752.0000	4.217903e-008	-10
753.0000	7.495635e-009	-10
754.0000	7.349027e-009	-10
755.0000	7.186469e-009	-10
756.0000	5.933190e-009	-10
757.0000	5.969368e-009	-10
758.0000	5.648465e-009	-10
759.0000	5.914770e-009	-10
760.0000	6.821175e-009	-10
761.0000	7.758213e-009	-10
762.0000	7.250677e-009	-10
763.0000	1.946777e-007	-9
764.0000	1.323797e-007	-9
765.0000	6.248037e-009	-10
766.0000	6.856372e-009	-10
767.0000	6.829724e-009	-10
768.0000	7.995682e-009	-10
769.0000	7.168582e-009	-10
770.0000	8.160010e-009	-10
771.0000	7.820678e-009	-10
772.0000	8.609780e-008	-10
773.0000	5.887157e-008	-10
774.0000	7.386363e-009	-10
775.0000	6.218045e-009	-10
776.0000	6.092180e-009	-10
777.0000	5.317062e-009	-10
778.0000	6.560727e-009	-10
779.0000	6.804294e-009	-10
780.0000	5.534721e-009	-10
781.0000	6.021525e-009	-10
782.0000	6.296188e-009	-10
783.0000	4.797323e-009	-10
784.0000	5.092090e-009	-10
785.0000	6.598196e-009	-10
786.0000	6.166662e-009	-10
787.0000	5.106957e-009	-10
788.0000	7.015001e-009	-10
789.0000	6.308015e-009	-10
790.0000	5.153781e-009	-10
791.0000	4.786689e-009	-10
792.0000	5.399431e-009	-10
793.0000	5.757850e-009	-10
794.0000	4.010207e-008	-10
795.0000	9.396454e-008	-10
796.0000	9.680903e-009	-10
797.0000	5.985881e-009	-10
798.0000	5.666844e-009	-10
799.0000	5.861824e-009	-10
800.0000	3.954396e-008	-10
