 
 
 
 INPUT PARAMETERS:

 RADIATION SCHEME:             4  streams

 w-grid:          561    280.0000        420.0000    
 equally spaced z-grid
 z-grid:           81    0.000000        80.00000    
  measurement point: index            1  altitude=    0.000000    
 idate =      20150630  esfact(1) =     1.000000    
 air temperature: USSA, 1976
 air concentrations: USSA, 1976
 ozone profile: USSA, 1976
 DATAE1/SUN/susim_hi.flx
 DATAE1/SUN/atlas3_1994_317_a.dat        
 DATAE1/SUN/neckel.flx                   
 DATAE1/SUN/sao2010.solref.converted     
 aerosols:  Elterman (1968) continental profile
 solar zenith angle =     30.00000    
 
 SPECTRAL IRRADIANCE (W m-2 nm-1):

 LOWER WVL  UPPER WVL  DIRECT     DIFFUSE DOWN  DIFFUSE UP  TOTAL DOWNWELLING
 280.00     280.25     0.000E+00  0.000E+00     0.000E+00   0.000E+00
 280.25     280.50     0.000E+00  0.000E+00     0.000E+00   0.000E+00
 280.50     280.75     0.000E+00  0.000E+00     0.000E+00   0.000E+00
 280.75     281.00     0.000E+00  0.000E+00     0.000E+00   0.000E+00
 281.00     281.25     0.000E+00  0.000E+00     0.000E+00   0.000E+00
 281.25     281.50     0.000E+00  0.000E+00     0.000E+00   0.000E+00
 281.50     281.75     0.000E+00  0.000E+00     0.000E+00   0.000E+00
 281.75     282.00     0.000E+00  0.000E+00     0.000E+00   0.000E+00
 282.00     282.25     0.000E+00  0.000E+00     0.000E+00   0.000E+00
 282.25     282.50     0.000E+00  0.000E+00     0.000E+00   0.000E+00
 282.50     282.75     0.000E+00  0.000E+00     0.000E+00   0.000E+00
 282.75     283.00     0.000E+00  0.000E+00     0.000E+00   0.000E+00
 283.00     283.25     0.000E+00  0.000E+00     0.000E+00   0.000E+00
 283.25     283.50     0.000E+00  0.000E+00     0.000E+00   0.000E+00
 283.50     283.75     0.000E+00  0.000E+00     0.000E+00   0.000E+00
 283.75     284.00     0.000E+00  0.000E+00     0.000E+00   0.000E+00
 284.00     284.25     0.000E+00  0.000E+00     0.000E+00   0.000E+00
 284.25     284.50     0.000E+00  0.000E+00     0.000E+00   0.000E+00
 284.50     284.75     0.000E+00  0.000E+00     0.000E+00   0.000E+00
 284.75     285.00     0.000E+00  0.000E+00     0.000E+00   0.000E+00
 285.00     285.25     0.000E+00  0.000E+00     0.000E+00   0.000E+00
 285.25     285.50     0.000E+00  0.000E+00     0.000E+00   0.000E+00
 285.50     285.75     0.000E+00  0.000E+00     0.000E+00   0.000E+00
 285.75     286.00     0.000E+00  0.000E+00     0.000E+00   0.000E+00
 286.00     286.25     0.000E+00  0.000E+00     0.000E+00   0.000E+00
 286.25     286.50     0.000E+00  0.000E+00     0.000E+00   0.000E+00
 286.50     286.75     0.000E+00  0.000E+00     0.000E+00   0.000E+00
 286.75     287.00     0.000E+00  0.000E+00     0.000E+00   0.000E+00
 287.00     287.25     0.000E+00  0.000E+00     0.000E+00   0.000E+00
 287.25     287.50     0.000E+00  0.000E+00     0.000E+00   0.000E+00
 287.50     287.75     5.303E-07  9.946E-07     1.525E-07   1.525E-06
 287.75     288.00     9.086E-07  1.720E-06     2.629E-07   2.629E-06
 288.00     288.25     6.872E-07  1.308E-06     1.996E-07   1.996E-06
 288.25     288.50     1.072E-06  2.048E-06     3.120E-07   3.120E-06
 288.50     288.75     2.677E-06  5.122E-06     7.799E-07   7.799E-06
 288.75     289.00     3.308E-06  6.346E-06     9.654E-07   9.654E-06
 289.00     289.25     4.251E-06  8.188E-06     1.244E-06   1.244E-05
 289.25     289.50     5.868E-06  1.134E-05     1.721E-06   1.721E-05
 289.50     289.75     9.716E-06  1.887E-05     2.858E-06   2.858E-05
 289.75     290.00     1.369E-05  2.667E-05     4.037E-06   4.037E-05
 290.00     290.25     1.984E-05  3.869E-05     5.853E-06   5.853E-05
 290.25     290.50     2.347E-05  4.589E-05     6.935E-06   6.935E-05
 290.50     290.75     2.839E-05  5.555E-05     8.394E-06   8.394E-05
 290.75     291.00     3.296E-05  6.466E-05     9.762E-06   9.762E-05
 291.00     291.25     4.263E-05  8.399E-05     1.266E-05   1.266E-04
 291.25     291.50     6.394E-05  1.266E-04     1.905E-05   1.905E-04
 291.50     291.75     7.304E-05  1.456E-04     2.186E-05   2.186E-04
 291.75     292.00     9.449E-05  1.893E-04     2.838E-05   2.838E-04
 292.00     292.25     1.298E-04  2.607E-04     3.905E-05   3.905E-04
 292.25     292.50     1.332E-04  2.682E-04     4.014E-05   4.014E-04
 292.50     292.75     1.285E-04  2.583E-04     3.868E-05   3.868E-04
 292.75     293.00     1.395E-04  2.807E-04     4.202E-05   4.202E-04
 293.00     293.25     2.530E-04  5.113E-04     7.643E-05   7.643E-04
 293.25     293.50     3.252E-04  6.607E-04     9.859E-05   9.859E-04
 293.50     293.75     4.015E-04  8.199E-04     1.221E-04   1.221E-03
 293.75     294.00     3.270E-04  6.705E-04     9.975E-05   9.975E-04
 294.00     294.25     4.328E-04  8.878E-04     1.321E-04   1.321E-03
 294.25     294.50     5.861E-04  1.202E-03     1.788E-04   1.788E-03
 294.50     294.75     7.088E-04  1.456E-03     2.165E-04   2.165E-03
 294.75     295.00     4.489E-04  9.240E-04     1.373E-04   1.373E-03
 295.00     295.25     8.458E-04  1.747E-03     2.593E-04   2.593E-03
 295.25     295.50     1.118E-03  2.321E-03     3.439E-04   3.439E-03
 295.50     295.75     1.433E-03  2.988E-03     4.421E-04   4.421E-03
 295.75     296.00     1.511E-03  3.152E-03     4.663E-04   4.663E-03
 296.00     296.25     1.658E-03  3.469E-03     5.127E-04   5.127E-03
 296.25     296.50     2.599E-03  5.464E-03     8.064E-04   8.064E-03
 296.50     296.75     1.416E-03  2.973E-03     4.389E-04   4.389E-03
 296.75     297.00     1.732E-03  3.630E-03     5.361E-04   5.361E-03
 297.00     297.25     1.896E-03  3.989E-03     5.885E-04   5.885E-03
 297.25     297.50     2.169E-03  4.579E-03     6.748E-04   6.748E-03
 297.50     297.75     3.979E-03  8.425E-03     1.240E-03   1.240E-02
 297.75     298.00     5.577E-03  1.184E-02     1.741E-03   1.741E-02
 298.00     298.25     3.781E-03  8.034E-03     1.181E-03   1.181E-02
 298.25     298.50     2.869E-03  6.098E-03     8.966E-04   8.966E-03
 298.50     298.75     3.079E-03  6.547E-03     9.626E-04   9.626E-03
 298.75     299.00     4.463E-03  9.476E-03     1.394E-03   1.394E-02
 299.00     299.25     7.390E-03  1.572E-02     2.311E-03   2.311E-02
 299.25     299.50     6.473E-03  1.382E-02     2.029E-03   2.029E-02
 299.50     299.75     5.855E-03  1.254E-02     1.839E-03   1.839E-02
 299.75     300.00     9.501E-03  2.036E-02     2.986E-03   2.986E-02
 300.00     300.25     4.054E-03  8.672E-03     1.273E-03   1.273E-02
 300.25     300.50     5.077E-03  1.086E-02     1.594E-03   1.594E-02
 300.50     300.75     1.018E-02  2.177E-02     3.196E-03   3.196E-02
 300.75     301.00     6.935E-03  1.485E-02     2.178E-03   2.178E-02
 301.00     301.25     1.163E-02  2.497E-02     3.660E-03   3.660E-02
 301.25     301.50     1.226E-02  2.638E-02     3.865E-03   3.865E-02
 301.50     301.75     1.386E-02  2.981E-02     4.367E-03   4.367E-02
 301.75     302.00     1.030E-02  2.210E-02     3.240E-03   3.240E-02
 302.00     302.25     5.409E-03  1.159E-02     1.700E-03   1.700E-02
 302.25     302.50     1.605E-02  3.439E-02     5.045E-03   5.045E-02
 302.50     302.75     1.267E-02  2.717E-02     3.984E-03   3.984E-02
 302.75     303.00     2.557E-02  5.496E-02     8.052E-03   8.052E-02
 303.00     303.25     1.944E-02  4.185E-02     6.129E-03   6.129E-02
 303.25     303.50     2.857E-02  6.149E-02     9.006E-03   9.006E-02
 303.50     303.75     2.915E-02  6.265E-02     9.180E-03   9.180E-02
 303.75     304.00     1.677E-02  3.595E-02     5.272E-03   5.272E-02
 304.00     304.25     2.395E-02  5.117E-02     7.512E-03   7.512E-02
 304.25     304.50     2.326E-02  4.969E-02     7.295E-03   7.295E-02
 304.50     304.75     3.364E-02  7.188E-02     1.055E-02   1.055E-01
 304.75     305.00     1.933E-02  4.139E-02     6.072E-03   6.072E-02
 305.00     305.25     3.369E-02  7.225E-02     1.059E-02   1.059E-01
 305.25     305.50     4.169E-02  8.944E-02     1.311E-02   1.311E-01
 305.50     305.75     3.400E-02  7.278E-02     1.068E-02   1.068E-01
 305.75     306.00     1.773E-02  3.782E-02     5.555E-03   5.555E-02
 306.00     306.25     3.215E-02  6.842E-02     1.006E-02   1.006E-01
 306.25     306.50     3.686E-02  7.813E-02     1.150E-02   1.150E-01
 306.50     306.75     3.189E-02  6.760E-02     9.949E-03   9.949E-02
 306.75     307.00     3.092E-02  6.554E-02     9.646E-03   9.646E-02
 307.00     307.25     4.869E-02  1.034E-01     1.521E-02   1.521E-01
 307.25     307.50     4.551E-02  9.672E-02     1.422E-02   1.422E-01
 307.50     307.75     4.274E-02  9.076E-02     1.335E-02   1.335E-01
 307.75     308.00     4.757E-02  1.007E-01     1.483E-02   1.483E-01
 308.00     308.25     5.435E-02  1.145E-01     1.689E-02   1.689E-01
 308.25     308.50     3.822E-02  8.038E-02     1.186E-02   1.186E-01
 308.50     308.75     6.680E-02  1.402E-01     2.070E-02   2.070E-01
 308.75     309.00     4.685E-02  9.797E-02     1.448E-02   1.448E-01
 309.00     309.25     4.306E-02  8.988E-02     1.329E-02   1.329E-01
 309.25     309.50     3.335E-02  6.965E-02     1.030E-02   1.030E-01
 309.50     309.75     5.687E-02  1.191E-01     1.760E-02   1.760E-01
 309.75     310.00     4.602E-02  9.628E-02     1.423E-02   1.423E-01
 310.00     310.25     2.992E-02  6.235E-02     9.227E-03   9.227E-02
 310.25     310.50     5.525E-02  1.146E-01     1.699E-02   1.699E-01
 310.50     310.75     7.157E-02  1.484E-01     2.199E-02   2.199E-01
 310.75     311.00     8.585E-02  1.775E-01     2.633E-02   2.633E-01
 311.00     311.25     7.998E-02  1.649E-01     2.449E-02   2.449E-01
 311.25     311.50     8.232E-02  1.689E-01     2.512E-02   2.512E-01
 311.50     311.75     7.982E-02  1.634E-01     2.432E-02   2.432E-01
 311.75     312.00     6.668E-02  1.366E-01     2.033E-02   2.033E-01
 312.00     312.25     6.376E-02  1.306E-01     1.944E-02   1.944E-01
 312.25     312.50     7.580E-02  1.550E-01     2.308E-02   2.308E-01
 312.50     312.75     7.650E-02  1.562E-01     2.327E-02   2.327E-01
 312.75     313.00     8.216E-02  1.674E-01     2.496E-02   2.496E-01
 313.00     313.25     8.528E-02  1.731E-01     2.584E-02   2.584E-01
 313.25     313.50     7.799E-02  1.574E-01     2.354E-02   2.354E-01
 313.50     313.75     7.879E-02  1.580E-01     2.368E-02   2.368E-01
 313.75     314.00     9.780E-02  1.960E-01     2.938E-02   2.938E-01
 314.00     314.25     1.012E-01  2.028E-01     3.040E-02   3.040E-01
 314.25     314.50     7.678E-02  1.540E-01     2.308E-02   2.308E-01
 314.50     314.75     6.528E-02  1.310E-01     1.962E-02   1.962E-01
 314.75     315.00     9.110E-02  1.820E-01     2.731E-02   2.731E-01
 315.00     315.25     1.014E-01  2.020E-01     3.034E-02   3.034E-01
 315.25     315.50     1.040E-01  2.059E-01     3.099E-02   3.099E-01
 315.50     315.75     8.869E-02  1.741E-01     2.627E-02   2.627E-01
 315.75     316.00     5.475E-02  1.075E-01     1.622E-02   1.622E-01
 316.00     316.25     6.311E-02  1.240E-01     1.871E-02   1.871E-01
 316.25     316.50     9.119E-02  1.788E-01     2.700E-02   2.700E-01
 316.50     316.75     8.860E-02  1.736E-01     2.622E-02   2.622E-01
 316.75     317.00     1.032E-01  2.017E-01     3.050E-02   3.050E-01
 317.00     317.25     1.250E-01  2.425E-01     3.676E-02   3.676E-01
 317.25     317.50     1.317E-01  2.548E-01     3.865E-02   3.865E-01
 317.50     317.75     1.206E-01  2.315E-01     3.521E-02   3.521E-01
 317.75     318.00     1.162E-01  2.226E-01     3.388E-02   3.388E-01
 318.00     318.25     7.233E-02  1.385E-01     2.108E-02   2.108E-01
 318.25     318.50     8.867E-02  1.698E-01     2.585E-02   2.585E-01
 318.50     318.75     1.081E-01  2.069E-01     3.150E-02   3.150E-01
 318.75     319.00     1.182E-01  2.256E-01     3.438E-02   3.438E-01
 319.00     319.25     1.409E-01  2.685E-01     4.093E-02   4.093E-01
 319.25     319.50     8.288E-02  1.567E-01     2.396E-02   2.396E-01
 319.50     319.75     1.133E-01  2.125E-01     3.259E-02   3.259E-01
 319.75     320.00     1.373E-01  2.569E-01     3.942E-02   3.942E-01
 320.00     320.25     1.224E-01  2.274E-01     3.498E-02   3.498E-01
 320.25     320.50     1.448E-01  2.692E-01     4.140E-02   4.140E-01
 320.50     320.75     1.640E-01  3.051E-01     4.691E-02   4.691E-01
 320.75     321.00     1.507E-01  2.801E-01     4.308E-02   4.308E-01
 321.00     321.25     1.180E-01  2.192E-01     3.372E-02   3.372E-01
 321.25     321.50     9.986E-02  1.847E-01     2.846E-02   2.846E-01
 321.50     321.75     1.281E-01  2.361E-01     3.643E-02   3.643E-01
 321.75     322.00     1.438E-01  2.635E-01     4.073E-02   4.073E-01
 322.00     322.25     1.535E-01  2.779E-01     4.314E-02   4.314E-01
 322.25     322.50     1.196E-01  2.164E-01     3.360E-02   3.360E-01
 322.50     322.75     1.254E-01  2.259E-01     3.513E-02   3.513E-01
 322.75     323.00     1.058E-01  1.897E-01     2.955E-02   2.955E-01
 323.00     323.25     1.086E-01  1.951E-01     3.038E-02   3.038E-01
 323.25     323.50     1.451E-01  2.607E-01     4.058E-02   4.058E-01
 323.50     323.75     1.163E-01  2.087E-01     3.250E-02   3.250E-01
 323.75     324.00     1.451E-01  2.599E-01     4.050E-02   4.050E-01
 324.00     324.25     1.565E-01  2.788E-01     4.353E-02   4.353E-01
 324.25     324.50     1.475E-01  2.614E-01     4.090E-02   4.090E-01
 324.50     324.75     1.742E-01  3.074E-01     4.816E-02   4.816E-01
 324.75     325.00     1.328E-01  2.319E-01     3.647E-02   3.647E-01
 325.00     325.25     1.445E-01  2.515E-01     3.960E-02   3.960E-01
 325.25     325.50     1.610E-01  2.802E-01     4.413E-02   4.413E-01
 325.50     325.75     1.904E-01  3.298E-01     5.202E-02   5.202E-01
 325.75     326.00     1.983E-01  3.431E-01     5.413E-02   5.413E-01
 326.00     326.25     2.188E-01  3.783E-01     5.972E-02   5.972E-01
 326.25     326.50     2.072E-01  3.575E-01     5.647E-02   5.647E-01
 326.50     326.75     1.855E-01  3.192E-01     5.047E-02   5.047E-01
 326.75     327.00     2.224E-01  3.813E-01     6.037E-02   6.037E-01
 327.00     327.25     1.916E-01  3.266E-01     5.183E-02   5.183E-01
 327.25     327.50     1.999E-01  3.389E-01     5.388E-02   5.388E-01
 327.50     327.75     2.084E-01  3.524E-01     5.608E-02   5.608E-01
 327.75     328.00     1.887E-01  3.165E-01     5.052E-02   5.052E-01
 328.00     328.25     1.919E-01  3.202E-01     5.121E-02   5.121E-01
 328.25     328.50     1.905E-01  3.178E-01     5.083E-02   5.083E-01
 328.50     328.75     1.935E-01  3.225E-01     5.160E-02   5.160E-01
 328.75     329.00     1.581E-01  2.629E-01     4.210E-02   4.210E-01
 329.00     329.25     2.378E-01  3.945E-01     6.323E-02   6.323E-01
 329.25     329.50     2.340E-01  3.872E-01     6.212E-02   6.212E-01
 329.50     329.75     2.392E-01  3.943E-01     6.335E-02   6.335E-01
 329.75     330.00     2.390E-01  3.925E-01     6.315E-02   6.315E-01
 330.00     330.25     2.761E-01  4.516E-01     7.277E-02   7.277E-01
 330.25     330.50     2.091E-01  3.395E-01     5.486E-02   5.486E-01
 330.50     330.75     1.859E-01  3.008E-01     4.867E-02   4.867E-01
 330.75     331.00     2.057E-01  3.318E-01     5.375E-02   5.375E-01
 331.00     331.25     2.282E-01  3.658E-01     5.940E-02   5.940E-01
 331.25     331.50     2.124E-01  3.397E-01     5.521E-02   5.521E-01
 331.50     331.75     1.995E-01  3.186E-01     5.181E-02   5.181E-01
 331.75     332.00     2.349E-01  3.742E-01     6.091E-02   6.091E-01
 332.00     332.25     2.258E-01  3.589E-01     5.847E-02   5.847E-01
 332.25     332.50     1.801E-01  2.854E-01     4.654E-02   4.654E-01
 332.50     332.75     2.467E-01  3.897E-01     6.364E-02   6.364E-01
 332.75     333.00     2.088E-01  3.286E-01     5.374E-02   5.374E-01
 333.00     333.25     2.146E-01  3.362E-01     5.508E-02   5.508E-01
 333.25     333.50     2.265E-01  3.535E-01     5.800E-02   5.800E-01
 333.50     333.75     1.803E-01  2.798E-01     4.601E-02   4.601E-01
 333.75     334.00     1.988E-01  3.072E-01     5.060E-02   5.060E-01
 334.00     334.25     2.282E-01  3.517E-01     5.799E-02   5.799E-01
 334.25     334.50     2.106E-01  3.239E-01     5.345E-02   5.345E-01
 334.50     334.75     2.556E-01  3.921E-01     6.477E-02   6.477E-01
 334.75     335.00     2.280E-01  3.486E-01     5.766E-02   5.766E-01
 335.00     335.25     1.989E-01  3.032E-01     5.021E-02   5.021E-01
 335.25     335.50     2.468E-01  3.750E-01     6.219E-02   6.219E-01
 335.50     335.75     2.599E-01  3.936E-01     6.535E-02   6.535E-01
 335.75     336.00     2.333E-01  3.521E-01     5.854E-02   5.854E-01
 336.00     336.25     1.092E-01  1.642E-01     2.733E-02   2.733E-01
 336.25     336.50     1.945E-01  2.912E-01     4.857E-02   4.857E-01
 336.50     336.75     2.511E-01  3.746E-01     6.257E-02   6.257E-01
 336.75     337.00     1.863E-01  2.770E-01     4.633E-02   4.633E-01
 337.00     337.25     1.614E-01  2.388E-01     4.002E-02   4.002E-01
 337.25     337.50     1.753E-01  2.583E-01     4.335E-02   4.335E-01
 337.50     337.75     2.371E-01  3.485E-01     5.856E-02   5.856E-01
 337.75     338.00     2.499E-01  3.663E-01     6.162E-02   6.162E-01
 338.00     338.25     1.613E-01  2.359E-01     3.972E-02   3.972E-01
 338.25     338.50     2.256E-01  3.289E-01     5.545E-02   5.545E-01
 338.50     338.75     2.574E-01  3.739E-01     6.313E-02   6.313E-01
 338.75     339.00     2.278E-01  3.298E-01     5.576E-02   5.576E-01
 339.00     339.25     2.598E-01  3.750E-01     6.349E-02   6.349E-01
 339.25     339.50     1.868E-01  2.687E-01     4.554E-02   4.554E-01
 339.50     339.75     2.315E-01  3.318E-01     5.633E-02   5.633E-01
 339.75     340.00     2.765E-01  3.950E-01     6.715E-02   6.715E-01
 340.00     340.25     2.962E-01  4.213E-01     7.175E-02   7.175E-01
 340.25     340.50     2.617E-01  3.710E-01     6.328E-02   6.328E-01
 340.50     340.75     2.478E-01  3.503E-01     5.981E-02   5.981E-01
 340.75     341.00     2.241E-01  3.159E-01     5.400E-02   5.400E-01
 341.00     341.25     2.400E-01  3.373E-01     5.773E-02   5.773E-01
 341.25     341.50     2.334E-01  3.269E-01     5.603E-02   5.603E-01
 341.50     341.75     2.039E-01  2.848E-01     4.887E-02   4.887E-01
 341.75     342.00     2.426E-01  3.377E-01     5.803E-02   5.803E-01
 342.00     342.25     2.939E-01  4.077E-01     7.016E-02   7.016E-01
 342.25     342.50     2.330E-01  3.222E-01     5.552E-02   5.552E-01
 342.50     342.75     2.673E-01  3.684E-01     6.357E-02   6.357E-01
 342.75     343.00     2.322E-01  3.189E-01     5.511E-02   5.511E-01
 343.00     343.25     3.251E-01  4.451E-01     7.702E-02   7.702E-01
 343.25     343.50     2.104E-01  2.870E-01     4.974E-02   4.974E-01
 343.50     343.75     2.993E-01  4.071E-01     7.064E-02   7.064E-01
 343.75     344.00     2.404E-01  3.257E-01     5.661E-02   5.661E-01
 344.00     344.25     1.548E-01  2.090E-01     3.638E-02   3.638E-01
 344.25     344.50     1.578E-01  2.124E-01     3.702E-02   3.702E-01
 344.50     344.75     2.012E-01  2.701E-01     4.713E-02   4.713E-01
 344.75     345.00     2.469E-01  3.304E-01     5.772E-02   5.772E-01
 345.00     345.25     2.906E-01  3.878E-01     6.784E-02   6.784E-01
 345.25     345.50     2.202E-01  2.928E-01     5.130E-02   5.130E-01
 345.50     345.75     2.973E-01  3.939E-01     6.912E-02   6.912E-01
 345.75     346.00     2.352E-01  3.107E-01     5.459E-02   5.459E-01
 346.00     346.25     2.131E-01  2.807E-01     4.938E-02   4.938E-01
 346.25     346.50     2.442E-01  3.207E-01     5.649E-02   5.649E-01
 346.50     346.75     2.449E-01  3.205E-01     5.654E-02   5.654E-01
 346.75     347.00     2.855E-01  3.725E-01     6.579E-02   6.579E-01
 347.00     347.25     2.978E-01  3.873E-01     6.851E-02   6.851E-01
 347.25     347.50     2.476E-01  3.211E-01     5.687E-02   5.687E-01
 347.50     347.75     1.957E-01  2.529E-01     4.486E-02   4.486E-01
 347.75     348.00     2.300E-01  2.963E-01     5.263E-02   5.263E-01
 348.00     348.25     2.796E-01  3.592E-01     6.388E-02   6.388E-01
 348.25     348.50     2.415E-01  3.093E-01     5.508E-02   5.508E-01
 348.50     348.75     2.500E-01  3.192E-01     5.691E-02   5.691E-01
 348.75     349.00     3.036E-01  3.864E-01     6.900E-02   6.900E-01
 349.00     349.25     1.941E-01  2.463E-01     4.405E-02   4.405E-01
 349.25     349.50     2.334E-01  2.953E-01     5.287E-02   5.287E-01
 349.50     349.75     2.622E-01  3.307E-01     5.929E-02   5.929E-01
 349.75     350.00     2.171E-01  2.730E-01     4.902E-02   4.902E-01
 350.00     350.25     3.313E-01  4.154E-01     7.467E-02   7.467E-01
 350.25     350.50     3.358E-01  4.197E-01     7.554E-02   7.554E-01
 350.50     350.75     2.939E-01  3.662E-01     6.601E-02   6.601E-01
 350.75     351.00     3.169E-01  3.937E-01     7.106E-02   7.106E-01
 351.00     351.25     2.734E-01  3.386E-01     6.119E-02   6.119E-01
 351.25     351.50     2.462E-01  3.040E-01     5.503E-02   5.503E-01
 351.50     351.75     2.521E-01  3.104E-01     5.625E-02   5.625E-01
 351.75     352.00     3.376E-01  4.143E-01     7.519E-02   7.519E-01
 352.00     352.25     2.868E-01  3.510E-01     6.378E-02   6.378E-01
 352.25     352.50     2.663E-01  3.250E-01     5.913E-02   5.913E-01
 352.50     352.75     1.748E-01  2.126E-01     3.874E-02   3.874E-01
 352.75     353.00     2.785E-01  3.379E-01     6.164E-02   6.164E-01
 353.00     353.25     3.179E-01  3.845E-01     7.025E-02   7.025E-01
 353.25     353.50     2.624E-01  3.165E-01     5.789E-02   5.789E-01
 353.50     353.75     3.394E-01  4.081E-01     7.476E-02   7.476E-01
 353.75     354.00     2.994E-01  3.590E-01     6.584E-02   6.584E-01
 354.00     354.25     3.418E-01  4.086E-01     7.504E-02   7.504E-01
 354.25     354.50     3.178E-01  3.789E-01     6.967E-02   6.967E-01
 354.50     354.75     3.438E-01  4.086E-01     7.524E-02   7.524E-01
 354.75     355.00     3.242E-01  3.841E-01     7.083E-02   7.083E-01
 355.00     355.25     3.577E-01  4.227E-01     7.804E-02   7.804E-01
 355.25     355.50     3.055E-01  3.599E-01     6.653E-02   6.653E-01
 355.50     355.75     3.046E-01  3.579E-01     6.625E-02   6.625E-01
 355.75     356.00     2.804E-01  3.284E-01     6.088E-02   6.088E-01
 356.00     356.25     3.189E-01  3.725E-01     6.913E-02   6.913E-01
 356.25     356.50     3.681E-01  4.287E-01     7.967E-02   7.967E-01
 356.50     356.75     1.930E-01  2.242E-01     4.172E-02   4.172E-01
 356.75     357.00     2.855E-01  3.306E-01     6.161E-02   6.161E-01
 357.00     357.25     1.791E-01  2.069E-01     3.860E-02   3.860E-01
 357.25     357.50     2.563E-01  2.951E-01     5.514E-02   5.514E-01
 357.50     357.75     2.880E-01  3.306E-01     6.186E-02   6.186E-01
 357.75     358.00     2.743E-01  3.141E-01     5.884E-02   5.884E-01
 358.00     358.25     1.956E-01  2.233E-01     4.190E-02   4.190E-01
 358.25     358.50     2.018E-01  2.297E-01     4.315E-02   4.315E-01
 358.50     358.75     1.741E-01  1.977E-01     3.718E-02   3.718E-01
 358.75     359.00     2.027E-01  2.295E-01     4.321E-02   4.321E-01
 359.00     359.25     2.805E-01  3.167E-01     5.972E-02   5.972E-01
 359.25     359.50     3.119E-01  3.511E-01     6.630E-02   6.630E-01
 359.50     359.75     3.467E-01  3.893E-01     7.360E-02   7.360E-01
 359.75     360.00     3.718E-01  4.163E-01     7.881E-02   7.881E-01
 360.00     360.25     3.974E-01  4.437E-01     8.410E-02   8.410E-01
 360.25     360.50     2.813E-01  3.132E-01     5.946E-02   5.946E-01
 360.50     360.75     2.820E-01  3.132E-01     5.952E-02   5.952E-01
 360.75     361.00     2.606E-01  2.886E-01     5.493E-02   5.493E-01
 361.00     361.25     2.373E-01  2.620E-01     4.993E-02   4.993E-01
 361.25     361.50     2.917E-01  3.212E-01     6.129E-02   6.129E-01
 361.50     361.75     3.388E-01  3.721E-01     7.109E-02   7.109E-01
 361.75     362.00     2.401E-01  2.630E-01     5.031E-02   5.031E-01
 362.00     362.25     2.266E-01  2.476E-01     4.742E-02   4.742E-01
 362.25     362.50     3.291E-01  3.585E-01     6.877E-02   6.877E-01
 362.50     362.75     3.531E-01  3.837E-01     7.368E-02   7.368E-01
 362.75     363.00     3.998E-01  4.332E-01     8.330E-02   8.330E-01
 363.00     363.25     2.922E-01  3.158E-01     6.079E-02   6.079E-01
 363.25     363.50     2.622E-01  2.826E-01     5.448E-02   5.448E-01
 363.50     363.75     2.871E-01  3.086E-01     5.956E-02   5.956E-01
 363.75     364.00     3.288E-01  3.525E-01     6.812E-02   6.812E-01
 364.00     364.25     3.802E-01  4.065E-01     7.868E-02   7.868E-01
 364.25     364.50     3.325E-01  3.545E-01     6.869E-02   6.869E-01
 364.50     364.75     3.004E-01  3.194E-01     6.198E-02   6.198E-01
 364.75     365.00     2.701E-01  2.864E-01     5.565E-02   5.565E-01
 365.00     365.25     3.261E-01  3.449E-01     6.710E-02   6.710E-01
 365.25     365.50     3.978E-01  4.196E-01     8.174E-02   8.174E-01
 365.50     365.75     4.026E-01  4.236E-01     8.262E-02   8.262E-01
 365.75     366.00     4.464E-01  4.685E-01     9.150E-02   9.150E-01
 366.00     366.25     4.431E-01  4.638E-01     9.070E-02   9.070E-01
 366.25     366.50     4.160E-01  4.343E-01     8.502E-02   8.502E-01
 366.50     366.75     4.070E-01  4.238E-01     8.309E-02   8.309E-01
 366.75     367.00     4.067E-01  4.224E-01     8.292E-02   8.292E-01
 367.00     367.25     3.537E-01  3.664E-01     7.200E-02   7.200E-01
 367.25     367.50     4.506E-01  4.656E-01     9.162E-02   9.162E-01
 367.50     367.75     4.309E-01  4.440E-01     8.749E-02   8.749E-01
 367.75     368.00     3.616E-01  3.717E-01     7.333E-02   7.333E-01
 368.00     368.25     3.287E-01  3.370E-01     6.657E-02   6.657E-01
 368.25     368.50     4.003E-01  4.093E-01     8.095E-02   8.095E-01
 368.50     368.75     3.638E-01  3.711E-01     7.349E-02   7.349E-01
 368.75     369.00     3.171E-01  3.226E-01     6.398E-02   6.398E-01
 369.00     369.25     4.152E-01  4.213E-01     8.365E-02   8.365E-01
 369.25     369.50     4.480E-01  4.534E-01     9.014E-02   9.014E-01
 369.50     369.75     4.093E-01  4.133E-01     8.226E-02   8.226E-01
 369.75     370.00     4.274E-01  4.304E-01     8.578E-02   8.578E-01
 370.00     370.25     4.813E-01  4.835E-01     9.648E-02   9.648E-01
 370.25     370.50     4.335E-01  4.343E-01     8.678E-02   8.678E-01
 370.50     370.75     2.843E-01  2.842E-01     5.685E-02   5.685E-01
 370.75     371.00     3.504E-01  3.494E-01     6.998E-02   6.998E-01
 371.00     371.25     3.550E-01  3.530E-01     7.080E-02   7.080E-01
 371.25     371.50     4.782E-01  4.743E-01     9.525E-02   9.525E-01
 371.50     371.75     4.930E-01  4.878E-01     9.808E-02   9.808E-01
 371.75     372.00     4.566E-01  4.506E-01     9.072E-02   9.072E-01
 372.00     372.25     2.213E-01  2.179E-01     4.392E-02   4.392E-01
 372.25     372.50     2.972E-01  2.919E-01     5.892E-02   5.892E-01
 372.50     372.75     4.699E-01  4.604E-01     9.303E-02   9.303E-01
 372.75     373.00     3.351E-01  3.274E-01     6.625E-02   6.625E-01
 373.00     373.25     4.266E-01  4.159E-01     8.424E-02   8.424E-01
 373.25     373.50     3.163E-01  3.076E-01     6.239E-02   6.239E-01
 373.50     373.75     1.964E-01  1.905E-01     3.868E-02   3.868E-01
 373.75     374.00     2.619E-01  2.534E-01     5.153E-02   5.153E-01
 374.00     374.25     4.338E-01  4.188E-01     8.526E-02   8.526E-01
 374.25     374.50     3.508E-01  3.378E-01     6.886E-02   6.886E-01
 374.50     374.75     2.709E-01  2.602E-01     5.311E-02   5.311E-01
 374.75     375.00     2.692E-01  2.580E-01     5.272E-02   5.272E-01
 375.00     375.25     2.395E-01  2.290E-01     4.685E-02   4.685E-01
 375.25     375.50     4.210E-01  4.015E-01     8.225E-02   8.225E-01
 375.50     375.75     5.339E-01  5.079E-01     1.042E-01   1.042E+00
 375.75     376.00     3.081E-01  2.924E-01     6.006E-02   6.006E-01
 376.00     376.25     3.738E-01  3.539E-01     7.277E-02   7.277E-01
 376.25     376.50     3.695E-01  3.490E-01     7.185E-02   7.185E-01
 376.50     376.75     4.234E-01  3.989E-01     8.223E-02   8.223E-01
 376.75     377.00     3.404E-01  3.199E-01     6.603E-02   6.603E-01
 377.00     377.25     3.834E-01  3.595E-01     7.430E-02   7.430E-01
 377.25     377.50     4.749E-01  4.443E-01     9.191E-02   9.191E-01
 377.50     377.75     4.639E-01  4.329E-01     8.968E-02   8.968E-01
 377.75     378.00     4.810E-01  4.478E-01     9.288E-02   9.288E-01
 378.00     378.25     5.393E-01  5.009E-01     1.040E-01   1.040E+00
 378.25     378.50     5.105E-01  4.730E-01     9.835E-02   9.835E-01
 378.50     378.75     5.105E-01  4.720E-01     9.825E-02   9.825E-01
 378.75     379.00     4.133E-01  3.812E-01     7.946E-02   7.946E-01
 379.00     379.25     3.810E-01  3.506E-01     7.316E-02   7.316E-01
 379.25     379.50     4.150E-01  3.810E-01     7.959E-02   7.959E-01
 379.50     379.75     3.687E-01  3.377E-01     7.064E-02   7.064E-01
 379.75     380.00     3.020E-01  2.759E-01     5.779E-02   5.779E-01
 380.00     380.25     4.008E-01  3.654E-01     7.662E-02   7.662E-01
 380.25     380.50     4.684E-01  4.260E-01     8.945E-02   8.945E-01
 380.50     380.75     4.946E-01  4.488E-01     9.434E-02   9.434E-01
 380.75     381.00     4.082E-01  3.695E-01     7.777E-02   7.777E-01
 381.00     381.25     5.168E-01  4.667E-01     9.835E-02   9.835E-01
 381.25     381.50     4.270E-01  3.848E-01     8.119E-02   8.119E-01
 381.50     381.75     2.952E-01  2.654E-01     5.607E-02   5.607E-01
 381.75     382.00     4.330E-01  3.884E-01     8.214E-02   8.214E-01
 382.00     382.25     2.431E-01  2.176E-01     4.607E-02   4.607E-01
 382.25     382.50     4.013E-01  3.584E-01     7.597E-02   7.597E-01
 382.50     382.75     2.107E-01  1.877E-01     3.984E-02   3.984E-01
 382.75     383.00     2.639E-01  2.346E-01     4.985E-02   4.985E-01
 383.00     383.25     2.923E-01  2.593E-01     5.516E-02   5.516E-01
 383.25     383.50     2.119E-01  1.875E-01     3.994E-02   3.994E-01
 383.50     383.75     2.498E-01  2.206E-01     4.704E-02   4.704E-01
 383.75     384.00     2.327E-01  2.050E-01     4.377E-02   4.377E-01
 384.00     384.25     2.205E-01  1.938E-01     4.143E-02   4.143E-01
 384.25     384.50     3.995E-01  3.503E-01     7.498E-02   7.498E-01
 384.50     384.75     4.250E-01  3.718E-01     7.968E-02   7.968E-01
 384.75     385.00     4.429E-01  3.866E-01     8.295E-02   8.295E-01
 385.00     385.25     3.347E-01  2.915E-01     6.262E-02   6.262E-01
 385.25     385.50     4.471E-01  3.886E-01     8.357E-02   8.357E-01
 385.50     385.75     3.460E-01  3.000E-01     6.460E-02   6.460E-01
 385.75     386.00     3.498E-01  3.026E-01     6.524E-02   6.524E-01
 386.00     386.25     2.270E-01  1.959E-01     4.229E-02   4.229E-01
 386.25     386.50     4.528E-01  3.900E-01     8.429E-02   8.429E-01
 386.50     386.75     4.197E-01  3.607E-01     7.804E-02   7.804E-01
 386.75     387.00     4.133E-01  3.545E-01     7.678E-02   7.678E-01
 387.00     387.25     3.192E-01  2.731E-01     5.923E-02   5.923E-01
 387.25     387.50     2.947E-01  2.516E-01     5.463E-02   5.463E-01
 387.50     387.75     4.747E-01  4.045E-01     8.792E-02   8.792E-01
 387.75     388.00     3.228E-01  2.744E-01     5.973E-02   5.973E-01
 388.00     388.25     4.058E-01  3.442E-01     7.500E-02   7.500E-01
 388.25     388.50     3.187E-01  2.697E-01     5.884E-02   5.884E-01
 388.50     388.75     3.811E-01  3.218E-01     7.029E-02   7.029E-01
 388.75     389.00     3.146E-01  2.651E-01     5.796E-02   5.796E-01
 389.00     389.25     3.744E-01  3.148E-01     6.893E-02   6.893E-01
 389.25     389.50     4.746E-01  3.983E-01     8.729E-02   8.729E-01
 389.50     389.75     4.245E-01  3.554E-01     7.799E-02   7.799E-01
 389.75     390.00     5.249E-01  4.385E-01     9.634E-02   9.634E-01
 390.00     390.25     4.587E-01  3.824E-01     8.411E-02   8.411E-01
 390.25     390.50     4.337E-01  3.608E-01     7.944E-02   7.944E-01
 390.50     390.75     3.865E-01  3.208E-01     7.073E-02   7.073E-01
 390.75     391.00     4.943E-01  4.095E-01     9.037E-02   9.037E-01
 391.00     391.25     5.167E-01  4.271E-01     9.438E-02   9.438E-01
 391.25     391.50     5.625E-01  4.640E-01     1.027E-01   1.027E+00
 391.50     391.75     5.277E-01  4.344E-01     9.621E-02   9.621E-01
 391.75     392.00     5.046E-01  4.145E-01     9.191E-02   9.191E-01
 392.00     392.25     4.112E-01  3.370E-01     7.482E-02   7.482E-01
 392.25     392.50     4.331E-01  3.542E-01     7.873E-02   7.873E-01
 392.50     392.75     4.320E-01  3.526E-01     7.845E-02   7.845E-01
 392.75     393.00     3.131E-01  2.550E-01     5.680E-02   5.680E-01
 393.00     393.25     2.041E-01  1.658E-01     3.699E-02   3.699E-01
 393.25     393.50     1.149E-01  9.321E-02     2.081E-02   2.081E-01
 393.50     393.75     1.303E-01  1.054E-01     2.357E-02   2.357E-01
 393.75     394.00     2.445E-01  1.975E-01     4.420E-02   4.420E-01
 394.00     394.25     3.705E-01  2.986E-01     6.692E-02   6.692E-01
 394.25     394.50     3.822E-01  3.074E-01     6.897E-02   6.897E-01
 394.50     394.75     4.157E-01  3.337E-01     7.493E-02   7.493E-01
 394.75     395.00     4.701E-01  3.765E-01     8.467E-02   8.467E-01
 395.00     395.25     5.521E-01  4.413E-01     9.934E-02   9.934E-01
 395.25     395.50     4.917E-01  3.922E-01     8.839E-02   8.839E-01
 395.50     395.75     5.689E-01  4.529E-01     1.022E-01   1.022E+00
 395.75     396.00     5.030E-01  3.996E-01     9.025E-02   9.025E-01
 396.00     396.25     5.141E-01  4.076E-01     9.217E-02   9.217E-01
 396.25     396.50     3.159E-01  2.500E-01     5.659E-02   5.659E-01
 396.50     396.75     2.870E-01  2.266E-01     5.137E-02   5.137E-01
 396.75     397.00     1.290E-01  1.017E-01     2.307E-02   2.307E-01
 397.00     397.25     1.711E-01  1.345E-01     3.056E-02   3.056E-01
 397.25     397.50     3.129E-01  2.455E-01     5.584E-02   5.584E-01
 397.50     397.75     4.473E-01  3.503E-01     7.976E-02   7.976E-01
 397.75     398.00     5.136E-01  4.014E-01     9.150E-02   9.150E-01
 398.00     398.25     6.481E-01  5.055E-01     1.154E-01   1.154E+00
 398.25     398.50     5.908E-01  4.599E-01     1.051E-01   1.051E+00
 398.50     398.75     6.146E-01  4.775E-01     1.092E-01   1.092E+00
 398.75     399.00     6.367E-01  4.936E-01     1.130E-01   1.130E+00
 399.00     399.25     6.487E-01  5.020E-01     1.151E-01   1.151E+00
 399.25     399.50     7.048E-01  5.442E-01     1.249E-01   1.249E+00
 399.50     399.75     6.472E-01  4.987E-01     1.146E-01   1.146E+00
 399.75     400.00     5.985E-01  4.603E-01     1.059E-01   1.059E+00
 400.00     400.25     7.333E-01  5.629E-01     1.296E-01   1.296E+00
 400.25     400.50     7.437E-01  5.697E-01     1.313E-01   1.313E+00
 400.50     400.75     5.792E-01  4.428E-01     1.022E-01   1.022E+00
 400.75     401.00     6.859E-01  5.234E-01     1.209E-01   1.209E+00
 401.00     401.25     7.017E-01  5.343E-01     1.236E-01   1.236E+00
 401.25     401.50     7.276E-01  5.530E-01     1.281E-01   1.281E+00
 401.50     401.75     7.373E-01  5.593E-01     1.297E-01   1.297E+00
 401.75     402.00     6.645E-01  5.031E-01     1.168E-01   1.168E+00
 402.00     402.25     7.573E-01  5.722E-01     1.330E-01   1.330E+00
 402.25     402.50     7.302E-01  5.507E-01     1.281E-01   1.281E+00
 402.50     402.75     6.945E-01  5.227E-01     1.217E-01   1.217E+00
 402.75     403.00     7.671E-01  5.762E-01     1.343E-01   1.343E+00
 403.00     403.25     6.446E-01  4.833E-01     1.128E-01   1.128E+00
 403.25     403.50     6.164E-01  4.612E-01     1.078E-01   1.078E+00
 403.50     403.75     6.468E-01  4.830E-01     1.130E-01   1.130E+00
 403.75     404.00     8.010E-01  5.970E-01     1.398E-01   1.398E+00
 404.00     404.25     7.264E-01  5.404E-01     1.267E-01   1.267E+00
 404.25     404.50     7.828E-01  5.812E-01     1.364E-01   1.364E+00
 404.50     404.75     4.342E-01  3.217E-01     7.559E-02   7.559E-01
 404.75     405.00     7.217E-01  5.338E-01     1.256E-01   1.256E+00
 405.00     405.25     7.684E-01  5.673E-01     1.336E-01   1.336E+00
 405.25     405.50     7.117E-01  5.244E-01     1.236E-01   1.236E+00
 405.50     405.75     6.695E-01  4.923E-01     1.162E-01   1.162E+00
 405.75     406.00     6.281E-01  4.610E-01     1.089E-01   1.089E+00
 406.00     406.25     7.376E-01  5.403E-01     1.278E-01   1.278E+00
 406.25     406.50     5.606E-01  4.099E-01     9.705E-02   9.705E-01
 406.50     406.75     6.673E-01  4.870E-01     1.154E-01   1.154E+00
 406.75     407.00     6.596E-01  4.805E-01     1.140E-01   1.140E+00
 407.00     407.25     7.489E-01  5.445E-01     1.293E-01   1.293E+00
 407.25     407.50     6.170E-01  4.477E-01     1.065E-01   1.065E+00
 407.50     407.75     7.207E-01  5.220E-01     1.243E-01   1.243E+00
 407.75     408.00     5.683E-01  4.109E-01     9.791E-02   9.791E-01
 408.00     408.25     7.261E-01  5.240E-01     1.250E-01   1.250E+00
 408.25     408.50     7.462E-01  5.374E-01     1.284E-01   1.284E+00
 408.50     408.75     6.840E-01  4.917E-01     1.176E-01   1.176E+00
 408.75     409.00     8.103E-01  5.815E-01     1.392E-01   1.392E+00
 409.00     409.25     7.920E-01  5.673E-01     1.359E-01   1.359E+00
 409.25     409.50     7.513E-01  5.371E-01     1.288E-01   1.288E+00
 409.50     409.75     7.084E-01  5.055E-01     1.214E-01   1.214E+00
 409.75     410.00     6.655E-01  4.740E-01     1.139E-01   1.139E+00
 410.00     410.25     6.040E-01  4.294E-01     1.033E-01   1.033E+00
 410.25     410.50     5.064E-01  3.593E-01     8.657E-02   8.657E-01
 410.50     410.75     6.929E-01  4.908E-01     1.184E-01   1.184E+00
 410.75     411.00     7.350E-01  5.196E-01     1.255E-01   1.255E+00
 411.00     411.25     7.184E-01  5.070E-01     1.225E-01   1.225E+00
 411.25     411.50     7.646E-01  5.386E-01     1.303E-01   1.303E+00
 411.50     411.75     8.081E-01  5.682E-01     1.376E-01   1.376E+00
 411.75     412.00     7.688E-01  5.396E-01     1.308E-01   1.308E+00
 412.00     412.25     7.701E-01  5.395E-01     1.310E-01   1.310E+00
 412.25     412.50     7.372E-01  5.155E-01     1.253E-01   1.253E+00
 412.50     412.75     7.879E-01  5.500E-01     1.338E-01   1.338E+00
 412.75     413.00     7.468E-01  5.204E-01     1.267E-01   1.267E+00
 413.00     413.25     7.730E-01  5.376E-01     1.311E-01   1.311E+00
 413.25     413.50     6.484E-01  4.501E-01     1.099E-01   1.099E+00
 413.50     413.75     7.449E-01  5.162E-01     1.261E-01   1.261E+00
 413.75     414.00     7.931E-01  5.486E-01     1.342E-01   1.342E+00
 414.00     414.25     8.470E-01  5.849E-01     1.432E-01   1.432E+00
 414.25     414.50     6.565E-01  4.525E-01     1.109E-01   1.109E+00
 414.50     414.75     7.252E-01  4.990E-01     1.224E-01   1.224E+00
 414.75     415.00     8.218E-01  5.644E-01     1.386E-01   1.386E+00
 415.00     415.25     7.404E-01  5.076E-01     1.248E-01   1.248E+00
 415.25     415.50     7.714E-01  5.279E-01     1.299E-01   1.299E+00
 415.50     415.75     6.976E-01  4.766E-01     1.174E-01   1.174E+00
 415.75     416.00     7.169E-01  4.889E-01     1.206E-01   1.206E+00
 416.00     416.25     7.867E-01  5.355E-01     1.322E-01   1.322E+00
 416.25     416.50     8.329E-01  5.660E-01     1.399E-01   1.399E+00
 416.50     416.75     8.369E-01  5.677E-01     1.405E-01   1.405E+00
 416.75     417.00     7.377E-01  4.995E-01     1.237E-01   1.237E+00
 417.00     417.25     8.097E-01  5.473E-01     1.357E-01   1.357E+00
 417.25     417.50     6.452E-01  4.353E-01     1.081E-01   1.081E+00
 417.50     417.75     7.492E-01  5.046E-01     1.254E-01   1.254E+00
 417.75     418.00     7.244E-01  4.871E-01     1.212E-01   1.212E+00
 418.00     418.25     8.047E-01  5.401E-01     1.345E-01   1.345E+00
 418.25     418.50     7.048E-01  4.722E-01     1.177E-01   1.177E+00
 418.50     418.75     8.079E-01  5.403E-01     1.348E-01   1.348E+00
 418.75     419.00     6.426E-01  4.290E-01     1.072E-01   1.072E+00
 419.00     419.25     8.159E-01  5.438E-01     1.360E-01   1.360E+00
 419.25     419.50     8.046E-01  5.354E-01     1.340E-01   1.340E+00
 419.50     419.75     7.681E-01  5.102E-01     1.278E-01   1.278E+00
 419.75     420.00     6.776E-01  4.493E-01     1.127E-01   1.127E+00

