 
 
 
 INPUT PARAMETERS:

 RADIATION SCHEME:             4  streams

 w-grid:          561    280.0000        420.0000    
 equally spaced z-grid
 z-grid:           81    0.000000        80.00000    
  measurement point: index            1  altitude=    0.000000    
 idate =      20150630  esfact(1) =     1.000000    
 air temperature: USSA, 1976
 air concentrations: USSA, 1976
 ozone profile: USSA, 1976
 DATAE1/SUN/susim_hi.flx
 DATAE1/SUN/atlas3_1994_317_a.dat        
 DATAE1/SUN/neckel.flx                   
 DATAE1/SUN/sao2010.solref.converted     
 aerosols:  Elterman (1968) continental profile
 solar zenith angle =     75.00000    
 
 SPECTRAL IRRADIANCE (W m-2 nm-1):

 LOWER WVL  UPPER WVL  DIRECT     DIFFUSE DOWN  DIFFUSE UP  TOTAL DOWNWELLING
 280.00     280.25     0.000E+00  0.000E+00     0.000E+00   0.000E+00
 280.25     280.50     0.000E+00  0.000E+00     0.000E+00   0.000E+00
 280.50     280.75     0.000E+00  0.000E+00     0.000E+00   0.000E+00
 280.75     281.00     0.000E+00  0.000E+00     0.000E+00   0.000E+00
 281.00     281.25     0.000E+00  0.000E+00     0.000E+00   0.000E+00
 281.25     281.50     0.000E+00  0.000E+00     0.000E+00   0.000E+00
 281.50     281.75     0.000E+00  0.000E+00     0.000E+00   0.000E+00
 281.75     282.00     0.000E+00  0.000E+00     0.000E+00   0.000E+00
 282.00     282.25     0.000E+00  0.000E+00     0.000E+00   0.000E+00
 282.25     282.50     0.000E+00  0.000E+00     0.000E+00   0.000E+00
 282.50     282.75     0.000E+00  0.000E+00     0.000E+00   0.000E+00
 282.75     283.00     0.000E+00  0.000E+00     0.000E+00   0.000E+00
 283.00     283.25     0.000E+00  0.000E+00     0.000E+00   0.000E+00
 283.25     283.50     0.000E+00  0.000E+00     0.000E+00   0.000E+00
 283.50     283.75     0.000E+00  0.000E+00     0.000E+00   0.000E+00
 283.75     284.00     0.000E+00  0.000E+00     0.000E+00   0.000E+00
 284.00     284.25     0.000E+00  0.000E+00     0.000E+00   0.000E+00
 284.25     284.50     0.000E+00  0.000E+00     0.000E+00   0.000E+00
 284.50     284.75     0.000E+00  0.000E+00     0.000E+00   0.000E+00
 284.75     285.00     0.000E+00  0.000E+00     0.000E+00   0.000E+00
 285.00     285.25     0.000E+00  0.000E+00     0.000E+00   0.000E+00
 285.25     285.50     0.000E+00  0.000E+00     0.000E+00   0.000E+00
 285.50     285.75     0.000E+00  0.000E+00     0.000E+00   0.000E+00
 285.75     286.00     0.000E+00  0.000E+00     0.000E+00   0.000E+00
 286.00     286.25     0.000E+00  0.000E+00     0.000E+00   0.000E+00
 286.25     286.50     0.000E+00  0.000E+00     0.000E+00   0.000E+00
 286.50     286.75     0.000E+00  0.000E+00     0.000E+00   0.000E+00
 286.75     287.00     0.000E+00  0.000E+00     0.000E+00   0.000E+00
 287.00     287.25     0.000E+00  0.000E+00     0.000E+00   0.000E+00
 287.25     287.50     0.000E+00  0.000E+00     0.000E+00   0.000E+00
 287.50     287.75     2.048E-20  6.173E-10     6.173E-11   6.173E-10
 287.75     288.00     1.197E-19  1.160E-09     1.160E-10   1.160E-09
 288.00     288.25     2.064E-19  9.318E-10     9.318E-11   9.318E-10
 288.25     288.50     5.825E-19  1.525E-09     1.525E-10   1.525E-09
 288.50     288.75     2.290E-18  3.935E-09     3.935E-10   3.935E-09
 288.75     289.00     5.018E-18  5.075E-09     5.075E-10   5.075E-09
 289.00     289.25     1.230E-17  6.862E-09     6.862E-10   6.862E-09
 289.25     289.50     3.017E-17  9.920E-09     9.920E-10   9.920E-09
 289.50     289.75     1.016E-16  1.741E-08     1.741E-09   1.741E-08
 289.75     290.00     2.512E-16  2.569E-08     2.569E-09   2.569E-08
 290.00     290.25     5.463E-16  3.843E-08     3.843E-09   3.843E-08
 290.25     290.50     1.057E-15  4.737E-08     4.737E-09   4.737E-08
 290.50     290.75     1.855E-15  5.904E-08     5.904E-09   5.904E-08
 290.75     291.00     3.545E-15  7.153E-08     7.153E-09   7.153E-08
 291.00     291.25     8.323E-15  9.783E-08     9.783E-09   9.783E-08
 291.25     291.50     2.346E-14  1.554E-07     1.554E-08   1.554E-07
 291.50     291.75     5.499E-14  1.906E-07     1.906E-08   1.906E-07
 291.75     292.00     1.306E-13  2.622E-07     2.622E-08   2.622E-07
 292.00     292.25     2.744E-13  3.758E-07     3.758E-08   3.758E-07
 292.25     292.50     4.145E-13  4.009E-07     4.009E-08   4.009E-07
 292.50     292.75     4.802E-13  3.928E-07     3.928E-08   3.928E-07
 292.75     293.00     7.248E-13  4.404E-07     4.404E-08   4.404E-07
 293.00     293.25     2.236E-12  8.486E-07     8.486E-08   8.486E-07
 293.25     293.50     4.912E-12  1.160E-06     1.160E-07   1.160E-06
 293.50     293.75     1.047E-11  1.529E-06     1.529E-07   1.529E-06
 293.75     294.00     1.331E-11  1.317E-06     1.317E-07   1.317E-06
 294.00     294.25     2.175E-11  1.786E-06     1.786E-07   1.786E-06
 294.25     294.50     3.805E-11  2.499E-06     2.499E-07   2.499E-06
 294.50     294.75     6.265E-11  3.140E-06     3.140E-07   3.140E-06
 294.75     295.00     5.553E-11  2.079E-06     2.079E-07   2.079E-06
 295.00     295.25     1.529E-10  4.136E-06     4.136E-07   4.136E-06
 295.25     295.50     3.262E-10  5.889E-06     5.890E-07   5.890E-06
 295.50     295.75     6.205E-10  8.055E-06     8.055E-07   8.055E-06
 295.75     296.00     8.232E-10  8.811E-06     8.811E-07   8.811E-06
 296.00     296.25     1.265E-09  1.024E-05     1.025E-06   1.025E-05
 296.25     296.50     2.946E-09  1.736E-05     1.736E-06   1.736E-05
 296.50     296.75     1.826E-09  9.656E-06     9.658E-07   9.658E-06
 296.75     297.00     2.561E-09  1.207E-05     1.208E-06   1.208E-05
 297.00     297.25     4.021E-09  1.428E-05     1.428E-06   1.428E-05
 297.25     297.50     6.259E-09  1.753E-05     1.754E-06   1.754E-05
 297.50     297.75     1.554E-08  3.459E-05     3.460E-06   3.460E-05
 297.75     298.00     2.852E-08  5.196E-05     5.199E-06   5.199E-05
 298.00     298.25     2.427E-08  3.744E-05     3.746E-06   3.746E-05
 298.25     298.50     2.207E-08  2.985E-05     2.987E-06   2.987E-05
 298.50     298.75     2.834E-08  3.374E-05     3.377E-06   3.377E-05
 298.75     299.00     4.625E-08  5.047E-05     5.051E-06   5.051E-05
 299.00     299.25     9.712E-08  9.022E-05     9.031E-06   9.031E-05
 299.25     299.50     1.157E-07  8.817E-05     8.828E-06   8.828E-05
 299.50     299.75     1.362E-07  8.822E-05     8.836E-06   8.836E-05
 299.75     300.00     2.587E-07  1.521E-04     1.523E-05   1.523E-04
 300.00     300.25     1.228E-07  6.747E-05     6.760E-06   6.760E-05
 300.25     300.50     1.810E-07  9.031E-05     9.050E-06   9.050E-05
 300.50     300.75     4.136E-07  1.909E-04     1.913E-05   1.913E-04
 300.75     301.00     3.431E-07  1.422E-04     1.425E-05   1.425E-04
 301.00     301.25     7.313E-07  2.683E-04     2.690E-05   2.690E-04
 301.25     301.50     9.344E-07  3.119E-04     3.128E-05   3.128E-04
 301.50     301.75     1.207E-06  3.767E-04     3.779E-05   3.779E-04
 301.75     302.00     9.601E-07  2.882E-04     2.892E-05   2.892E-04
 302.00     302.25     5.508E-07  1.578E-04     1.584E-05   1.584E-04
 302.25     302.50     1.874E-06  5.038E-04     5.057E-05   5.057E-04
 302.50     302.75     1.753E-06  4.380E-04     4.398E-05   4.398E-04
 302.75     303.00     4.262E-06  9.878E-04     9.921E-05   9.921E-04
 303.00     303.25     3.845E-06  8.347E-04     8.385E-05   8.385E-04
 303.25     303.50     6.300E-06  1.307E-03     1.313E-04   1.313E-03
 303.50     303.75     6.989E-06  1.398E-03     1.405E-04   1.405E-03
 303.75     304.00     4.243E-06  8.255E-04     8.297E-05   8.297E-04
 304.00     304.25     6.300E-06  1.197E-03     1.204E-04   1.204E-03
 304.25     304.50     6.941E-06  1.260E-03     1.267E-04   1.267E-03
 304.50     304.75     1.134E-05  1.971E-03     1.983E-04   1.983E-03
 304.75     305.00     7.687E-06  1.269E-03     1.277E-04   1.277E-03
 305.00     305.25     1.552E-05  2.449E-03     2.465E-04   2.465E-03
 305.25     305.50     2.164E-05  3.293E-03     3.314E-04   3.314E-03
 305.50     305.75     1.872E-05  2.778E-03     2.796E-04   2.796E-03
 305.75     306.00     1.006E-05  1.465E-03     1.475E-04   1.475E-03
 306.00     306.25     1.935E-05  2.751E-03     2.770E-04   2.770E-03
 306.25     306.50     2.261E-05  3.160E-03     3.183E-04   3.183E-03
 306.50     306.75     2.184E-05  2.956E-03     2.978E-04   2.978E-03
 306.75     307.00     2.341E-05  3.076E-03     3.099E-04   3.099E-03
 307.00     307.25     4.213E-05  5.351E-03     5.393E-04   5.393E-03
 307.25     307.50     4.449E-05  5.483E-03     5.527E-04   5.527E-03
 307.50     307.75     4.544E-05  5.464E-03     5.510E-04   5.510E-03
 307.75     308.00     5.200E-05  6.148E-03     6.200E-04   6.200E-03
 308.00     308.25     5.990E-05  6.981E-03     7.041E-04   7.041E-03
 308.25     308.50     4.467E-05  5.101E-03     5.146E-04   5.146E-03
 308.50     308.75     8.326E-05  9.313E-03     9.396E-04   9.396E-03
 308.75     309.00     5.957E-05  6.561E-03     6.620E-04   6.620E-03
 309.00     309.25     5.811E-05  6.273E-03     6.331E-04   6.331E-03
 309.25     309.50     4.966E-05  5.237E-03     5.287E-04   5.287E-03
 309.50     309.75     9.760E-05  1.003E-02     1.012E-03   1.012E-02
 309.75     310.00     8.419E-05  8.487E-03     8.571E-04   8.571E-03
 310.00     310.25     5.590E-05  5.551E-03     5.607E-04   5.607E-03
 310.25     310.50     1.035E-04  1.014E-02     1.025E-03   1.025E-02
 310.50     310.75     1.440E-04  1.386E-02     1.400E-03   1.400E-02
 310.75     311.00     1.798E-04  1.702E-02     1.720E-03   1.720E-02
 311.00     311.25     1.746E-04  1.627E-02     1.645E-03   1.645E-02
 311.25     311.50     1.793E-04  1.649E-02     1.667E-03   1.667E-02
 311.50     311.75     1.820E-04  1.647E-02     1.665E-03   1.665E-02
 311.75     312.00     1.673E-04  1.486E-02     1.502E-03   1.502E-02
 312.00     312.25     1.718E-04  1.501E-02     1.518E-03   1.518E-02
 312.25     312.50     2.144E-04  1.843E-02     1.865E-03   1.865E-02
 312.50     312.75     2.289E-04  1.938E-02     1.961E-03   1.961E-02
 312.75     313.00     2.553E-04  2.130E-02     2.156E-03   2.156E-02
 313.00     313.25     2.710E-04  2.230E-02     2.257E-03   2.257E-02
 313.25     313.50     2.444E-04  1.987E-02     2.011E-03   2.011E-02
 313.50     313.75     2.424E-04  1.947E-02     1.971E-03   1.971E-02
 313.75     314.00     3.202E-04  2.533E-02     2.565E-03   2.565E-02
 314.00     314.25     3.573E-04  2.784E-02     2.820E-03   2.820E-02
 314.25     314.50     2.939E-04  2.256E-02     2.285E-03   2.285E-02
 314.50     314.75     2.678E-04  2.025E-02     2.052E-03   2.052E-02
 314.75     315.00     3.775E-04  2.818E-02     2.855E-03   2.855E-02
 315.00     315.25     4.295E-04  3.167E-02     3.210E-03   3.210E-02
 315.25     315.50     4.357E-04  3.171E-02     3.215E-03   3.215E-02
 315.50     315.75     3.523E-04  2.535E-02     2.570E-03   2.570E-02
 315.75     316.00     2.333E-04  1.655E-02     1.679E-03   1.679E-02
 316.00     316.25     2.916E-04  2.041E-02     2.070E-03   2.070E-02
 316.25     316.50     4.382E-04  3.028E-02     3.072E-03   3.072E-02
 316.50     316.75     4.475E-04  3.054E-02     3.099E-03   3.099E-02
 316.75     317.00     5.380E-04  3.625E-02     3.679E-03   3.679E-02
 317.00     317.25     6.306E-04  4.196E-02     4.259E-03   4.259E-02
 317.25     317.50     6.830E-04  4.487E-02     4.556E-03   4.556E-02
 317.50     317.75     6.063E-04  3.936E-02     3.997E-03   3.997E-02
 317.75     318.00     6.035E-04  3.871E-02     3.931E-03   3.931E-02
 318.00     318.25     3.977E-04  2.519E-02     2.559E-03   2.559E-02
 318.25     318.50     5.186E-04  3.246E-02     3.298E-03   3.298E-02
 318.50     318.75     6.671E-04  4.127E-02     4.193E-03   4.193E-02
 318.75     319.00     7.514E-04  4.593E-02     4.669E-03   4.669E-02
 319.00     319.25     9.262E-04  5.595E-02     5.688E-03   5.688E-02
 319.25     319.50     5.250E-04  3.132E-02     3.185E-03   3.185E-02
 319.50     319.75     6.904E-04  4.068E-02     4.137E-03   4.137E-02
 319.75     320.00     8.644E-04  5.035E-02     5.121E-03   5.121E-02
 320.00     320.25     7.456E-04  4.290E-02     4.365E-03   4.365E-02
 320.25     320.50     9.540E-04  5.429E-02     5.524E-03   5.524E-02
 320.50     320.75     1.143E-03  6.433E-02     6.547E-03   6.547E-02
 320.75     321.00     1.106E-03  6.156E-02     6.266E-03   6.266E-02
 321.00     321.25     9.052E-04  4.985E-02     5.076E-03   5.076E-02
 321.25     321.50     7.724E-04  4.205E-02     4.282E-03   4.282E-02
 321.50     321.75     1.001E-03  5.385E-02     5.485E-03   5.485E-02
 321.75     322.00     1.114E-03  5.922E-02     6.034E-03   6.034E-02
 322.00     322.25     1.094E-03  5.740E-02     5.849E-03   5.849E-02
 322.25     322.50     8.917E-04  4.628E-02     4.718E-03   4.718E-02
 322.50     322.75     9.387E-04  4.818E-02     4.912E-03   4.912E-02
 322.75     323.00     7.985E-04  4.052E-02     4.132E-03   4.132E-02
 323.00     323.25     8.812E-04  4.429E-02     4.517E-03   4.517E-02
 323.25     323.50     1.246E-03  6.200E-02     6.324E-03   6.324E-02
 323.50     323.75     1.038E-03  5.112E-02     5.216E-03   5.216E-02
 323.75     324.00     1.330E-03  6.481E-02     6.613E-03   6.613E-02
 324.00     324.25     1.429E-03  6.883E-02     7.026E-03   7.026E-02
 324.25     324.50     1.337E-03  6.365E-02     6.499E-03   6.499E-02
 324.50     324.75     1.588E-03  7.480E-02     7.639E-03   7.639E-02
 324.75     325.00     1.129E-03  5.246E-02     5.359E-03   5.359E-02
 325.00     325.25     1.256E-03  5.780E-02     5.905E-03   5.905E-02
 325.25     325.50     1.468E-03  6.688E-02     6.835E-03   6.835E-02
 325.50     325.75     1.735E-03  7.816E-02     7.989E-03   7.989E-02
 325.75     326.00     1.884E-03  8.403E-02     8.592E-03   8.592E-02
 326.00     326.25     2.166E-03  9.569E-02     9.786E-03   9.786E-02
 326.25     326.50     2.107E-03  9.217E-02     9.427E-03   9.427E-02
 326.50     326.75     1.922E-03  8.323E-02     8.515E-03   8.515E-02
 326.75     327.00     2.336E-03  1.001E-01     1.025E-02   1.025E-01
 327.00     327.25     1.982E-03  8.397E-02     8.595E-03   8.595E-02
 327.25     327.50     2.057E-03  8.616E-02     8.821E-03   8.821E-02
 327.50     327.75     2.183E-03  9.053E-02     9.271E-03   9.271E-02
 327.75     328.00     1.895E-03  7.763E-02     7.952E-03   7.952E-02
 328.00     328.25     1.918E-03  7.776E-02     7.968E-03   7.968E-02
 328.25     328.50     1.994E-03  8.008E-02     8.208E-03   8.208E-02
 328.50     328.75     2.106E-03  8.382E-02     8.593E-03   8.593E-02
 328.75     329.00     1.772E-03  6.988E-02     7.165E-03   7.165E-02
 329.00     329.25     2.725E-03  1.064E-01     1.091E-02   1.091E-01
 329.25     329.50     2.725E-03  1.054E-01     1.081E-02   1.081E-01
 329.50     329.75     2.807E-03  1.074E-01     1.102E-02   1.102E-01
 329.75     330.00     2.827E-03  1.071E-01     1.099E-02   1.100E-01
 330.00     330.25     3.277E-03  1.229E-01     1.261E-02   1.261E-01
 330.25     330.50     2.413E-03  8.943E-02     9.184E-03   9.184E-02
 330.50     330.75     2.169E-03  7.960E-02     8.177E-03   8.177E-02
 330.75     331.00     2.437E-03  8.861E-02     9.105E-03   9.105E-02
 331.00     331.25     2.646E-03  9.514E-02     9.778E-03   9.778E-02
 331.25     331.50     2.515E-03  8.958E-02     9.210E-03   9.210E-02
 331.50     331.75     2.434E-03  8.593E-02     8.836E-03   8.836E-02
 331.75     332.00     2.935E-03  1.027E-01     1.056E-02   1.056E-01
 332.00     332.25     2.875E-03  9.966E-02     1.025E-02   1.025E-01
 332.25     332.50     2.326E-03  7.987E-02     8.220E-03   8.220E-02
 332.50     332.75     3.223E-03  1.096E-01     1.128E-02   1.128E-01
 332.75     333.00     2.740E-03  9.225E-02     9.499E-03   9.499E-02
 333.00     333.25     2.821E-03  9.405E-02     9.687E-03   9.687E-02
 333.25     333.50     2.997E-03  9.897E-02     1.020E-02   1.020E-01
 333.50     333.75     2.351E-03  7.682E-02     7.917E-03   7.917E-02
 333.75     334.00     2.577E-03  8.338E-02     8.595E-03   8.595E-02
 334.00     334.25     3.023E-03  9.695E-02     9.997E-03   9.997E-02
 334.25     334.50     2.851E-03  9.063E-02     9.348E-03   9.348E-02
 334.50     334.75     3.514E-03  1.107E-01     1.142E-02   1.142E-01
 334.75     335.00     3.175E-03  9.910E-02     1.023E-02   1.023E-01
 335.00     335.25     2.806E-03  8.677E-02     8.958E-03   8.958E-02
 335.25     335.50     3.519E-03  1.079E-01     1.114E-02   1.114E-01
 335.50     335.75     3.737E-03  1.135E-01     1.172E-02   1.172E-01
 335.75     336.00     3.380E-03  1.017E-01     1.051E-02   1.051E-01
 336.00     336.25     1.592E-03  4.746E-02     4.905E-03   4.905E-02
 336.25     336.50     2.835E-03  8.371E-02     8.655E-03   8.655E-02
 336.50     336.75     3.667E-03  1.073E-01     1.109E-02   1.109E-01
 336.75     337.00     2.746E-03  7.962E-02     8.236E-03   8.236E-02
 337.00     337.25     2.370E-03  6.805E-02     7.042E-03   7.042E-02
 337.25     337.50     2.562E-03  7.288E-02     7.544E-03   7.544E-02
 337.50     337.75     3.524E-03  9.938E-02     1.029E-02   1.029E-01
 337.75     338.00     3.776E-03  1.056E-01     1.094E-02   1.094E-01
 338.00     338.25     2.472E-03  6.854E-02     7.101E-03   7.101E-02
 338.25     338.50     3.499E-03  9.615E-02     9.965E-03   9.965E-02
 338.50     338.75     4.030E-03  1.098E-01     1.138E-02   1.138E-01
 338.75     339.00     3.595E-03  9.709E-02     1.007E-02   1.007E-01
 339.00     339.25     4.132E-03  1.106E-01     1.147E-02   1.147E-01
 339.25     339.50     2.987E-03  7.925E-02     8.224E-03   8.224E-02
 339.50     339.75     3.724E-03  9.795E-02     1.017E-02   1.017E-01
 339.75     340.00     4.475E-03  1.167E-01     1.211E-02   1.211E-01
 340.00     340.25     4.778E-03  1.234E-01     1.282E-02   1.282E-01
 340.25     340.50     4.246E-03  1.087E-01     1.130E-02   1.130E-01
 340.50     340.75     4.068E-03  1.033E-01     1.074E-02   1.074E-01
 340.75     341.00     3.720E-03  9.370E-02     9.742E-03   9.742E-02
 341.00     341.25     4.023E-03  1.005E-01     1.045E-02   1.045E-01
 341.25     341.50     3.946E-03  9.772E-02     1.017E-02   1.017E-01
 341.50     341.75     3.474E-03  8.532E-02     8.879E-03   8.879E-02
 341.75     342.00     4.163E-03  1.014E-01     1.055E-02   1.055E-01
 342.00     342.25     5.075E-03  1.225E-01     1.276E-02   1.276E-01
 342.25     342.50     4.052E-03  9.702E-02     1.011E-02   1.011E-01
 342.50     342.75     4.680E-03  1.111E-01     1.158E-02   1.158E-01
 342.75     343.00     4.088E-03  9.626E-02     1.003E-02   1.003E-01
 343.00     343.25     5.752E-03  1.343E-01     1.401E-02   1.401E-01
 343.25     343.50     3.742E-03  8.665E-02     9.039E-03   9.039E-02
 343.50     343.75     5.357E-03  1.230E-01     1.284E-02   1.284E-01
 343.75     344.00     4.307E-03  9.809E-02     1.024E-02   1.024E-01
 344.00     344.25     2.777E-03  6.271E-02     6.549E-03   6.549E-02
 344.25     344.50     2.858E-03  6.402E-02     6.688E-03   6.688E-02
 344.50     344.75     3.681E-03  8.181E-02     8.549E-03   8.549E-02
 344.75     345.00     4.556E-03  1.005E-01     1.050E-02   1.050E-01
 345.00     345.25     5.421E-03  1.186E-01     1.240E-02   1.240E-01
 345.25     345.50     4.107E-03  8.910E-02     9.321E-03   9.321E-02
 345.50     345.75     5.574E-03  1.199E-01     1.255E-02   1.255E-01
 345.75     346.00     4.436E-03  9.469E-02     9.913E-03   9.913E-02
 346.00     346.25     4.050E-03  8.577E-02     8.982E-03   8.982E-02
 346.25     346.50     4.673E-03  9.819E-02     1.029E-02   1.029E-01
 346.50     346.75     4.716E-03  9.831E-02     1.030E-02   1.030E-01
 346.75     347.00     5.535E-03  1.145E-01     1.200E-02   1.200E-01
 347.00     347.25     5.806E-03  1.191E-01     1.250E-02   1.250E-01
 347.25     347.50     4.854E-03  9.883E-02     1.037E-02   1.037E-01
 347.50     347.75     3.862E-03  7.803E-02     8.189E-03   8.189E-02
 347.75     348.00     4.570E-03  9.163E-02     9.620E-03   9.620E-02
 348.00     348.25     5.594E-03  1.113E-01     1.169E-02   1.169E-01
 348.25     348.50     4.864E-03  9.602E-02     1.009E-02   1.009E-01
 348.50     348.75     5.063E-03  9.920E-02     1.043E-02   1.043E-01
 348.75     349.00     6.185E-03  1.202E-01     1.264E-02   1.264E-01
 349.00     349.25     3.979E-03  7.678E-02     8.076E-03   8.076E-02
 349.25     349.50     4.811E-03  9.211E-02     9.692E-03   9.692E-02
 349.50     349.75     5.430E-03  1.032E-01     1.086E-02   1.086E-01
 349.75     350.00     4.524E-03  8.532E-02     8.985E-03   8.985E-02
 350.00     350.25     6.947E-03  1.300E-01     1.370E-02   1.370E-01
 350.25     350.50     7.081E-03  1.316E-01     1.386E-02   1.386E-01
 350.50     350.75     6.236E-03  1.150E-01     1.212E-02   1.212E-01
 350.75     351.00     6.765E-03  1.238E-01     1.306E-02   1.306E-01
 351.00     351.25     5.868E-03  1.066E-01     1.125E-02   1.125E-01
 351.25     351.50     5.307E-03  9.570E-02     1.010E-02   1.010E-01
 351.50     351.75     5.462E-03  9.776E-02     1.032E-02   1.032E-01
 351.75     352.00     7.359E-03  1.308E-01     1.381E-02   1.381E-01
 352.00     352.25     6.292E-03  1.110E-01     1.173E-02   1.173E-01
 352.25     352.50     5.877E-03  1.029E-01     1.088E-02   1.088E-01
 352.50     352.75     3.877E-03  6.740E-02     7.127E-03   7.127E-02
 352.75     353.00     6.215E-03  1.073E-01     1.135E-02   1.135E-01
 353.00     353.25     7.138E-03  1.223E-01     1.294E-02   1.294E-01
 353.25     353.50     5.925E-03  1.008E-01     1.067E-02   1.067E-01
 353.50     353.75     7.709E-03  1.302E-01     1.379E-02   1.379E-01
 353.75     354.00     6.839E-03  1.147E-01     1.215E-02   1.215E-01
 354.00     354.25     7.852E-03  1.307E-01     1.386E-02   1.386E-01
 354.25     354.50     7.343E-03  1.214E-01     1.287E-02   1.287E-01
 354.50     354.75     7.986E-03  1.311E-01     1.391E-02   1.391E-01
 354.75     355.00     7.570E-03  1.234E-01     1.310E-02   1.310E-01
 355.00     355.25     8.398E-03  1.359E-01     1.443E-02   1.443E-01
 355.25     355.50     7.210E-03  1.159E-01     1.231E-02   1.231E-01
 355.50     355.75     7.230E-03  1.154E-01     1.226E-02   1.226E-01
 355.75     356.00     6.690E-03  1.060E-01     1.127E-02   1.127E-01
 356.00     356.25     7.648E-03  1.204E-01     1.280E-02   1.280E-01
 356.25     356.50     8.876E-03  1.387E-01     1.476E-02   1.476E-01
 356.50     356.75     4.678E-03  7.261E-02     7.729E-03   7.729E-02
 356.75     357.00     6.951E-03  1.072E-01     1.141E-02   1.141E-01
 357.00     357.25     4.385E-03  6.714E-02     7.153E-03   7.153E-02
 357.25     357.50     6.307E-03  9.592E-02     1.022E-02   1.022E-01
 357.50     357.75     7.123E-03  1.076E-01     1.147E-02   1.147E-01
 357.75     358.00     6.822E-03  1.024E-01     1.092E-02   1.092E-01
 358.00     358.25     4.890E-03  7.287E-02     7.776E-03   7.776E-02
 358.25     358.50     5.070E-03  7.505E-02     8.012E-03   8.012E-02
 358.50     358.75     4.399E-03  6.467E-02     6.907E-03   6.907E-02
 358.75     359.00     5.147E-03  7.516E-02     8.031E-03   8.031E-02
 359.00     359.25     7.159E-03  1.039E-01     1.110E-02   1.110E-01
 359.25     359.50     7.998E-03  1.153E-01     1.233E-02   1.233E-01
 359.50     359.75     8.937E-03  1.279E-01     1.369E-02   1.369E-01
 359.75     360.00     9.632E-03  1.370E-01     1.466E-02   1.466E-01
 360.00     360.25     1.035E-02  1.462E-01     1.565E-02   1.565E-01
 360.25     360.50     7.361E-03  1.033E-01     1.107E-02   1.107E-01
 360.50     360.75     7.417E-03  1.034E-01     1.108E-02   1.108E-01
 360.75     361.00     6.889E-03  9.543E-02     1.023E-02   1.023E-01
 361.00     361.25     6.303E-03  8.674E-02     9.304E-03   9.304E-02
 361.25     361.50     7.787E-03  1.065E-01     1.143E-02   1.143E-01
 361.50     361.75     9.090E-03  1.235E-01     1.326E-02   1.326E-01
 361.75     362.00     6.474E-03  8.739E-02     9.386E-03   9.387E-02
 362.00     362.25     6.141E-03  8.236E-02     8.850E-03   8.850E-02
 362.25     362.50     8.961E-03  1.194E-01     1.284E-02   1.284E-01
 362.50     362.75     9.662E-03  1.279E-01     1.376E-02   1.376E-01
 362.75     363.00     1.099E-02  1.446E-01     1.556E-02   1.556E-01
 363.00     363.25     8.072E-03  1.055E-01     1.136E-02   1.136E-01
 363.25     363.50     7.279E-03  9.456E-02     1.018E-02   1.018E-01
 363.50     363.75     8.007E-03  1.034E-01     1.114E-02   1.114E-01
 363.75     364.00     9.214E-03  1.182E-01     1.274E-02   1.274E-01
 364.00     364.25     1.071E-02  1.365E-01     1.472E-02   1.472E-01
 364.25     364.50     9.405E-03  1.192E-01     1.286E-02   1.286E-01
 364.50     364.75     8.536E-03  1.075E-01     1.160E-02   1.160E-01
 364.75     365.00     7.710E-03  9.648E-02     1.042E-02   1.042E-01
 365.00     365.25     9.352E-03  1.163E-01     1.257E-02   1.257E-01
 365.25     365.50     1.146E-02  1.417E-01     1.531E-02   1.531E-01
 365.50     365.75     1.165E-02  1.432E-01     1.548E-02   1.548E-01
 365.75     366.00     1.298E-02  1.585E-01     1.715E-02   1.715E-01
 366.00     366.25     1.295E-02  1.571E-01     1.701E-02   1.701E-01
 366.25     366.50     1.221E-02  1.473E-01     1.595E-02   1.595E-01
 366.50     366.75     1.200E-02  1.439E-01     1.559E-02   1.559E-01
 366.75     367.00     1.205E-02  1.436E-01     1.556E-02   1.556E-01
 367.00     367.25     1.053E-02  1.247E-01     1.352E-02   1.352E-01
 367.25     367.50     1.347E-02  1.586E-01     1.721E-02   1.721E-01
 367.50     367.75     1.294E-02  1.515E-01     1.644E-02   1.644E-01
 367.75     368.00     1.091E-02  1.269E-01     1.378E-02   1.378E-01
 368.00     368.25     9.963E-03  1.152E-01     1.252E-02   1.252E-01
 368.25     368.50     1.219E-02  1.401E-01     1.523E-02   1.523E-01
 368.50     368.75     1.112E-02  1.271E-01     1.383E-02   1.383E-01
 368.75     369.00     9.741E-03  1.107E-01     1.204E-02   1.204E-01
 369.00     369.25     1.281E-02  1.447E-01     1.575E-02   1.575E-01
 369.25     369.50     1.388E-02  1.559E-01     1.697E-02   1.697E-01
 369.50     369.75     1.274E-02  1.422E-01     1.549E-02   1.549E-01
 369.75     370.00     1.336E-02  1.483E-01     1.616E-02   1.616E-01
 370.00     370.25     1.511E-02  1.667E-01     1.818E-02   1.818E-01
 370.25     370.50     1.367E-02  1.499E-01     1.636E-02   1.636E-01
 370.50     370.75     9.005E-03  9.821E-02     1.072E-02   1.072E-01
 370.75     371.00     1.115E-02  1.209E-01     1.320E-02   1.320E-01
 371.00     371.25     1.134E-02  1.223E-01     1.336E-02   1.336E-01
 371.25     371.50     1.534E-02  1.645E-01     1.798E-02   1.798E-01
 371.50     371.75     1.589E-02  1.693E-01     1.852E-02   1.852E-01
 371.75     372.00     1.477E-02  1.566E-01     1.714E-02   1.714E-01
 372.00     372.25     7.192E-03  7.580E-02     8.299E-03   8.299E-02
 372.25     372.50     9.701E-03  1.017E-01     1.114E-02   1.114E-01
 372.50     372.75     1.540E-02  1.605E-01     1.759E-02   1.759E-01
 372.75     373.00     1.103E-02  1.143E-01     1.253E-02   1.253E-01
 373.00     373.25     1.410E-02  1.453E-01     1.594E-02   1.594E-01
 373.25     373.50     1.050E-02  1.076E-01     1.181E-02   1.181E-01
 373.50     373.75     6.544E-03  6.668E-02     7.322E-03   7.322E-02
 373.75     374.00     8.765E-03  8.881E-02     9.757E-03   9.757E-02
 374.00     374.25     1.458E-02  1.469E-01     1.615E-02   1.615E-01
 374.25     374.50     1.184E-02  1.186E-01     1.305E-02   1.305E-01
 374.50     374.75     9.178E-03  9.147E-02     1.006E-02   1.006E-01
 374.75     375.00     9.159E-03  9.078E-02     9.994E-03   9.994E-02
 375.00     375.25     8.183E-03  8.066E-02     8.885E-03   8.885E-02
 375.25     375.50     1.444E-02  1.416E-01     1.560E-02   1.560E-01
 375.50     375.75     1.839E-02  1.793E-01     1.977E-02   1.977E-01
 375.75     376.00     1.066E-02  1.033E-01     1.140E-02   1.140E-01
 376.00     376.25     1.298E-02  1.252E-01     1.382E-02   1.382E-01
 376.25     376.50     1.288E-02  1.236E-01     1.365E-02   1.365E-01
 376.50     376.75     1.482E-02  1.414E-01     1.562E-02   1.562E-01
 376.75     377.00     1.196E-02  1.135E-01     1.255E-02   1.255E-01
 377.00     377.25     1.353E-02  1.277E-01     1.413E-02   1.413E-01
 377.25     377.50     1.682E-02  1.580E-01     1.748E-02   1.748E-01
 377.50     377.75     1.650E-02  1.541E-01     1.706E-02   1.706E-01
 377.75     378.00     1.717E-02  1.596E-01     1.767E-02   1.767E-01
 378.00     378.25     1.933E-02  1.787E-01     1.980E-02   1.980E-01
 378.25     378.50     1.837E-02  1.689E-01     1.873E-02   1.873E-01
 378.50     378.75     1.844E-02  1.687E-01     1.871E-02   1.871E-01
 378.75     379.00     1.499E-02  1.364E-01     1.514E-02   1.514E-01
 379.00     379.25     1.387E-02  1.256E-01     1.394E-02   1.394E-01
 379.25     379.50     1.517E-02  1.366E-01     1.517E-02   1.517E-01
 379.50     379.75     1.353E-02  1.212E-01     1.347E-02   1.347E-01
 379.75     380.00     1.112E-02  9.912E-02     1.102E-02   1.102E-01
 380.00     380.25     1.482E-02  1.314E-01     1.462E-02   1.462E-01
 380.25     380.50     1.739E-02  1.533E-01     1.707E-02   1.707E-01
 380.50     380.75     1.843E-02  1.617E-01     1.801E-02   1.801E-01
 380.75     381.00     1.527E-02  1.333E-01     1.485E-02   1.485E-01
 381.00     381.25     1.940E-02  1.685E-01     1.879E-02   1.879E-01
 381.25     381.50     1.609E-02  1.391E-01     1.552E-02   1.552E-01
 381.50     381.75     1.117E-02  9.602E-02     1.072E-02   1.072E-01
 381.75     382.00     1.644E-02  1.406E-01     1.571E-02   1.571E-01
 382.00     382.25     9.266E-03  7.887E-02     8.813E-03   8.813E-02
 382.25     382.50     1.535E-02  1.300E-01     1.454E-02   1.454E-01
 382.50     382.75     8.091E-03  6.817E-02     7.627E-03   7.627E-02
 382.75     383.00     1.017E-02  8.527E-02     9.544E-03   9.544E-02
 383.00     383.25     1.131E-02  9.434E-02     1.057E-02   1.057E-01
 383.25     383.50     8.228E-03  6.830E-02     7.653E-03   7.653E-02
 383.50     383.75     9.736E-03  8.042E-02     9.015E-03   9.015E-02
 383.75     384.00     9.102E-03  7.481E-02     8.391E-03   8.391E-02
 384.00     384.25     8.655E-03  7.079E-02     7.945E-03   7.945E-02
 384.25     384.50     1.574E-02  1.281E-01     1.438E-02   1.438E-01
 384.50     384.75     1.681E-02  1.361E-01     1.529E-02   1.529E-01
 384.75     385.00     1.758E-02  1.417E-01     1.592E-02   1.592E-01
 385.00     385.25     1.333E-02  1.069E-01     1.202E-02   1.202E-01
 385.25     385.50     1.787E-02  1.426E-01     1.605E-02   1.605E-01
 385.50     385.75     1.388E-02  1.102E-01     1.241E-02   1.241E-01
 385.75     386.00     1.408E-02  1.113E-01     1.254E-02   1.254E-01
 386.00     386.25     9.170E-03  7.214E-02     8.131E-03   8.131E-02
 386.25     386.50     1.836E-02  1.437E-01     1.621E-02   1.621E-01
 386.50     386.75     1.708E-02  1.330E-01     1.501E-02   1.501E-01
 386.75     387.00     1.688E-02  1.309E-01     1.478E-02   1.478E-01
 387.00     387.25     1.308E-02  1.009E-01     1.140E-02   1.140E-01
 387.25     387.50     1.212E-02  9.307E-02     1.052E-02   1.052E-01
 387.50     387.75     1.959E-02  1.498E-01     1.693E-02   1.693E-01
 387.75     388.00     1.337E-02  1.017E-01     1.151E-02   1.151E-01
 388.00     388.25     1.686E-02  1.277E-01     1.445E-02   1.445E-01
 388.25     388.50     1.329E-02  1.001E-01     1.134E-02   1.134E-01
 388.50     388.75     1.594E-02  1.196E-01     1.356E-02   1.356E-01
 388.75     389.00     1.321E-02  9.861E-02     1.118E-02   1.118E-01
 389.00     389.25     1.577E-02  1.172E-01     1.330E-02   1.330E-01
 389.25     389.50     2.006E-02  1.484E-01     1.685E-02   1.685E-01
 389.50     389.75     1.801E-02  1.326E-01     1.506E-02   1.506E-01
 389.75     390.00     2.234E-02  1.637E-01     1.861E-02   1.861E-01
 390.00     390.25     1.959E-02  1.429E-01     1.625E-02   1.625E-01
 390.25     390.50     1.858E-02  1.350E-01     1.535E-02   1.535E-01
 390.50     390.75     1.662E-02  1.201E-01     1.368E-02   1.368E-01
 390.75     391.00     2.132E-02  1.535E-01     1.748E-02   1.748E-01
 391.00     391.25     2.237E-02  1.602E-01     1.826E-02   1.826E-01
 391.25     391.50     2.443E-02  1.742E-01     1.986E-02   1.986E-01
 391.50     391.75     2.300E-02  1.632E-01     1.862E-02   1.862E-01
 391.75     392.00     2.206E-02  1.559E-01     1.780E-02   1.780E-01
 392.00     392.25     1.804E-02  1.269E-01     1.449E-02   1.449E-01
 392.25     392.50     1.906E-02  1.335E-01     1.525E-02   1.525E-01
 392.50     392.75     1.907E-02  1.330E-01     1.521E-02   1.521E-01
 392.75     393.00     1.387E-02  9.626E-02     1.101E-02   1.101E-01
 393.00     393.25     9.069E-03  6.267E-02     7.174E-03   7.174E-02
 393.25     393.50     5.124E-03  3.525E-02     4.038E-03   4.038E-02
 393.50     393.75     5.828E-03  3.991E-02     4.574E-03   4.574E-02
 393.75     394.00     1.097E-02  7.482E-02     8.579E-03   8.579E-02
 394.00     394.25     1.668E-02  1.133E-01     1.299E-02   1.299E-01
 394.25     394.50     1.727E-02  1.167E-01     1.340E-02   1.340E-01
 394.50     394.75     1.884E-02  1.268E-01     1.456E-02   1.456E-01
 394.75     395.00     2.137E-02  1.432E-01     1.645E-02   1.645E-01
 395.00     395.25     2.518E-02  1.679E-01     1.931E-02   1.931E-01
 395.25     395.50     2.250E-02  1.494E-01     1.719E-02   1.719E-01
 395.50     395.75     2.611E-02  1.727E-01     1.988E-02   1.988E-01
 395.75     396.00     2.316E-02  1.525E-01     1.756E-02   1.756E-01
 396.00     396.25     2.374E-02  1.557E-01     1.794E-02   1.794E-01
 396.25     396.50     1.464E-02  9.555E-02     1.102E-02   1.102E-01
 396.50     396.75     1.334E-02  8.671E-02     1.001E-02   1.001E-01
 396.75     397.00     6.015E-03  3.893E-02     4.494E-03   4.494E-02
 397.00     397.25     8.001E-03  5.156E-02     5.956E-03   5.956E-02
 397.25     397.50     1.468E-02  9.419E-02     1.089E-02   1.089E-01
 397.50     397.75     2.105E-02  1.345E-01     1.556E-02   1.556E-01
 397.75     398.00     2.424E-02  1.542E-01     1.785E-02   1.785E-01
 398.00     398.25     3.069E-02  1.944E-01     2.251E-02   2.251E-01
 398.25     398.50     2.806E-02  1.770E-01     2.051E-02   2.051E-01
 398.50     398.75     2.928E-02  1.840E-01     2.133E-02   2.133E-01
 398.75     399.00     3.043E-02  1.904E-01     2.208E-02   2.208E-01
 399.00     399.25     3.110E-02  1.937E-01     2.248E-02   2.248E-01
 399.25     399.50     3.388E-02  2.102E-01     2.441E-02   2.441E-01
 399.50     399.75     3.121E-02  1.928E-01     2.240E-02   2.240E-01
 399.75     400.00     2.895E-02  1.781E-01     2.071E-02   2.071E-01
 400.00     400.25     3.558E-02  2.180E-01     2.536E-02   2.536E-01
 400.25     400.50     3.619E-02  2.208E-01     2.570E-02   2.570E-01
 400.50     400.75     2.827E-02  1.718E-01     2.000E-02   2.000E-01
 400.75     401.00     3.358E-02  2.032E-01     2.368E-02   2.368E-01
 401.00     401.25     3.445E-02  2.076E-01     2.421E-02   2.421E-01
 401.25     401.50     3.583E-02  2.151E-01     2.509E-02   2.509E-01
 401.50     401.75     3.641E-02  2.177E-01     2.541E-02   2.541E-01
 401.75     402.00     3.292E-02  1.960E-01     2.289E-02   2.289E-01
 402.00     402.25     3.762E-02  2.231E-01     2.607E-02   2.607E-01
 402.25     402.50     3.638E-02  2.149E-01     2.513E-02   2.513E-01
 402.50     402.75     3.471E-02  2.041E-01     2.388E-02   2.388E-01
 402.75     403.00     3.845E-02  2.252E-01     2.637E-02   2.637E-01
 403.00     403.25     3.240E-02  1.891E-01     2.215E-02   2.215E-01
 403.25     403.50     3.107E-02  1.806E-01     2.116E-02   2.116E-01
 403.50     403.75     3.270E-02  1.893E-01     2.220E-02   2.220E-01
 403.75     404.00     4.061E-02  2.341E-01     2.748E-02   2.748E-01
 404.00     404.25     3.694E-02  2.121E-01     2.491E-02   2.491E-01
 404.25     404.50     3.992E-02  2.283E-01     2.682E-02   2.682E-01
 404.50     404.75     2.220E-02  1.265E-01     1.487E-02   1.487E-01
 404.75     405.00     3.701E-02  2.100E-01     2.471E-02   2.471E-01
 405.00     405.25     3.952E-02  2.234E-01     2.629E-02   2.629E-01
 405.25     405.50     3.671E-02  2.067E-01     2.434E-02   2.434E-01
 405.50     405.75     3.463E-02  1.942E-01     2.288E-02   2.288E-01
 405.75     406.00     3.258E-02  1.820E-01     2.146E-02   2.146E-01
 406.00     406.25     3.836E-02  2.135E-01     2.518E-02   2.518E-01
 406.25     406.50     2.924E-02  1.621E-01     1.913E-02   1.913E-01
 406.50     406.75     3.490E-02  1.927E-01     2.276E-02   2.276E-01
 406.75     407.00     3.460E-02  1.903E-01     2.249E-02   2.249E-01
 407.00     407.25     3.939E-02  2.158E-01     2.552E-02   2.552E-01
 407.25     407.50     3.254E-02  1.776E-01     2.101E-02   2.101E-01
 407.50     407.75     3.811E-02  2.072E-01     2.453E-02   2.453E-01
 407.75     408.00     3.014E-02  1.632E-01     1.934E-02   1.934E-01
 408.00     408.25     3.861E-02  2.083E-01     2.469E-02   2.469E-01
 408.25     408.50     3.979E-02  2.139E-01     2.536E-02   2.536E-01
 408.50     408.75     3.657E-02  1.958E-01     2.324E-02   2.324E-01
 408.75     409.00     4.344E-02  2.317E-01     2.752E-02   2.752E-01
 409.00     409.25     4.257E-02  2.263E-01     2.688E-02   2.688E-01
 409.25     409.50     4.049E-02  2.144E-01     2.549E-02   2.549E-01
 409.50     409.75     3.828E-02  2.019E-01     2.402E-02   2.402E-01
 409.75     410.00     3.606E-02  1.895E-01     2.256E-02   2.256E-01
 410.00     410.25     3.282E-02  1.718E-01     2.046E-02   2.046E-01
 410.25     410.50     2.759E-02  1.439E-01     1.715E-02   1.715E-01
 410.50     410.75     3.785E-02  1.967E-01     2.345E-02   2.345E-01
 410.75     411.00     4.025E-02  2.084E-01     2.487E-02   2.487E-01
 411.00     411.25     3.946E-02  2.035E-01     2.430E-02   2.430E-01
 411.25     411.50     4.210E-02  2.163E-01     2.584E-02   2.584E-01
 411.50     411.75     4.461E-02  2.284E-01     2.730E-02   2.730E-01
 411.75     412.00     4.256E-02  2.171E-01     2.597E-02   2.597E-01
 412.00     412.25     4.274E-02  2.172E-01     2.599E-02   2.599E-01
 412.25     412.50     4.102E-02  2.077E-01     2.487E-02   2.487E-01
 412.50     412.75     4.396E-02  2.218E-01     2.657E-02   2.657E-01
 412.75     413.00     4.178E-02  2.100E-01     2.518E-02   2.518E-01
 413.00     413.25     4.335E-02  2.171E-01     2.605E-02   2.605E-01
 413.25     413.50     3.646E-02  1.819E-01     2.184E-02   2.184E-01
 413.50     413.75     4.199E-02  2.088E-01     2.508E-02   2.508E-01
 413.75     414.00     4.482E-02  2.221E-01     2.669E-02   2.669E-01
 414.00     414.25     4.799E-02  2.369E-01     2.849E-02   2.849E-01
 414.25     414.50     3.730E-02  1.835E-01     2.208E-02   2.208E-01
 414.50     414.75     4.130E-02  2.024E-01     2.437E-02   2.437E-01
 414.75     415.00     4.692E-02  2.292E-01     2.761E-02   2.761E-01
 415.00     415.25     4.238E-02  2.063E-01     2.486E-02   2.486E-01
 415.25     415.50     4.427E-02  2.147E-01     2.589E-02   2.589E-01
 415.50     415.75     4.014E-02  1.939E-01     2.341E-02   2.341E-01
 415.75     416.00     4.135E-02  1.991E-01     2.404E-02   2.404E-01
 416.00     416.25     4.549E-02  2.182E-01     2.637E-02   2.637E-01
 416.25     416.50     4.828E-02  2.308E-01     2.791E-02   2.791E-01
 416.50     416.75     4.863E-02  2.317E-01     2.803E-02   2.803E-01
 416.75     417.00     4.297E-02  2.040E-01     2.470E-02   2.470E-01
 417.00     417.25     4.728E-02  2.237E-01     2.710E-02   2.710E-01
 417.25     417.50     3.777E-02  1.781E-01     2.158E-02   2.158E-01
 417.50     417.75     4.397E-02  2.066E-01     2.505E-02   2.505E-01
 417.75     418.00     4.262E-02  1.995E-01     2.421E-02   2.421E-01
 418.00     418.25     4.745E-02  2.214E-01     2.689E-02   2.689E-01
 418.25     418.50     4.166E-02  1.937E-01     2.354E-02   2.354E-01
 418.50     418.75     4.787E-02  2.218E-01     2.697E-02   2.697E-01
 418.75     419.00     3.817E-02  1.763E-01     2.144E-02   2.144E-01
 419.00     419.25     4.859E-02  2.236E-01     2.722E-02   2.722E-01
 419.25     419.50     4.803E-02  2.203E-01     2.683E-02   2.683E-01
 419.50     419.75     4.596E-02  2.101E-01     2.560E-02   2.560E-01
 419.75     420.00     4.065E-02  1.851E-01     2.258E-02   2.258E-01

