 
 
 
 INPUT PARAMETERS:

 RADIATION SCHEME:             4  streams

 w-grid:          561    280.0000        420.0000    
 equally spaced z-grid
 z-grid:           81    0.000000        80.00000    
  measurement point: index            1  altitude=    0.000000    
 idate =      20150630  esfact(1) =     1.000000    
 air temperature: USSA, 1976
 air concentrations: USSA, 1976
 ozone profile: USSA, 1976
 DATAE1/SUN/susim_hi.flx
 DATAE1/SUN/atlas3_1994_317_a.dat        
 DATAE1/SUN/neckel.flx                   
 DATAE1/SUN/sao2010.solref.converted     
 aerosols:  Elterman (1968) continental profile
 solar zenith angle =     30.00000    
 
 SPECTRAL IRRADIANCE (W m-2 nm-1):

 LOWER WVL  UPPER WVL  DIRECT     DIFFUSE DOWN  DIFFUSE UP  TOTAL DOWNWELLING
 280.00     280.25     0.000E+00  0.000E+00     0.000E+00   0.000E+00
 280.25     280.50     0.000E+00  0.000E+00     0.000E+00   0.000E+00
 280.50     280.75     0.000E+00  0.000E+00     0.000E+00   0.000E+00
 280.75     281.00     0.000E+00  0.000E+00     0.000E+00   0.000E+00
 281.00     281.25     0.000E+00  0.000E+00     0.000E+00   0.000E+00
 281.25     281.50     0.000E+00  0.000E+00     0.000E+00   0.000E+00
 281.50     281.75     0.000E+00  0.000E+00     0.000E+00   0.000E+00
 281.75     282.00     0.000E+00  0.000E+00     0.000E+00   0.000E+00
 282.00     282.25     0.000E+00  0.000E+00     0.000E+00   0.000E+00
 282.25     282.50     0.000E+00  0.000E+00     0.000E+00   0.000E+00
 282.50     282.75     0.000E+00  0.000E+00     0.000E+00   0.000E+00
 282.75     283.00     0.000E+00  0.000E+00     0.000E+00   0.000E+00
 283.00     283.25     0.000E+00  0.000E+00     0.000E+00   0.000E+00
 283.25     283.50     0.000E+00  0.000E+00     0.000E+00   0.000E+00
 283.50     283.75     0.000E+00  0.000E+00     0.000E+00   0.000E+00
 283.75     284.00     0.000E+00  0.000E+00     0.000E+00   0.000E+00
 284.00     284.25     0.000E+00  0.000E+00     0.000E+00   0.000E+00
 284.25     284.50     0.000E+00  0.000E+00     0.000E+00   0.000E+00
 284.50     284.75     0.000E+00  0.000E+00     0.000E+00   0.000E+00
 284.75     285.00     0.000E+00  0.000E+00     0.000E+00   0.000E+00
 285.00     285.25     0.000E+00  0.000E+00     0.000E+00   0.000E+00
 285.25     285.50     0.000E+00  0.000E+00     0.000E+00   0.000E+00
 285.50     285.75     0.000E+00  0.000E+00     0.000E+00   0.000E+00
 285.75     286.00     0.000E+00  0.000E+00     0.000E+00   0.000E+00
 286.00     286.25     0.000E+00  0.000E+00     0.000E+00   0.000E+00
 286.25     286.50     0.000E+00  0.000E+00     0.000E+00   0.000E+00
 286.50     286.75     0.000E+00  0.000E+00     0.000E+00   0.000E+00
 286.75     287.00     0.000E+00  0.000E+00     0.000E+00   0.000E+00
 287.00     287.25     0.000E+00  0.000E+00     0.000E+00   0.000E+00
 287.25     287.50     0.000E+00  0.000E+00     0.000E+00   0.000E+00
 287.50     287.75     0.000E+00  0.000E+00     0.000E+00   0.000E+00
 287.75     288.00     0.000E+00  0.000E+00     0.000E+00   0.000E+00
 288.00     288.25     0.000E+00  0.000E+00     0.000E+00   0.000E+00
 288.25     288.50     0.000E+00  0.000E+00     0.000E+00   0.000E+00
 288.50     288.75     0.000E+00  0.000E+00     0.000E+00   0.000E+00
 288.75     289.00     0.000E+00  0.000E+00     0.000E+00   0.000E+00
 289.00     289.25     0.000E+00  0.000E+00     0.000E+00   0.000E+00
 289.25     289.50     0.000E+00  0.000E+00     0.000E+00   0.000E+00
 289.50     289.75     0.000E+00  0.000E+00     0.000E+00   0.000E+00
 289.75     290.00     0.000E+00  0.000E+00     0.000E+00   0.000E+00
 290.00     290.25     0.000E+00  0.000E+00     0.000E+00   0.000E+00
 290.25     290.50     0.000E+00  0.000E+00     0.000E+00   0.000E+00
 290.50     290.75     0.000E+00  0.000E+00     0.000E+00   0.000E+00
 290.75     291.00     7.120E-07  1.244E-06     1.956E-07   1.956E-06
 291.00     291.25     1.051E-06  1.846E-06     2.897E-07   2.897E-06
 291.25     291.50     1.813E-06  3.203E-06     5.017E-07   5.017E-06
 291.50     291.75     2.431E-06  4.330E-06     6.761E-07   6.761E-06
 291.75     292.00     3.599E-06  6.453E-06     1.005E-06   1.005E-05
 292.00     292.25     5.428E-06  9.768E-06     1.520E-06   1.520E-05
 292.25     292.50     6.063E-06  1.094E-05     1.700E-06   1.700E-05
 292.50     292.75     6.076E-06  1.096E-05     1.704E-06   1.704E-05
 292.75     293.00     7.086E-06  1.280E-05     1.989E-06   1.989E-05
 293.00     293.25     1.445E-05  2.627E-05     4.073E-06   4.073E-05
 293.25     293.50     2.092E-05  3.826E-05     5.918E-06   5.918E-05
 293.50     293.75     2.915E-05  5.369E-05     8.283E-06   8.283E-05
 293.75     294.00     2.619E-05  4.849E-05     7.468E-06   7.468E-05
 294.00     294.25     3.624E-05  6.718E-05     1.034E-05   1.034E-04
 294.25     294.50     5.185E-05  9.626E-05     1.481E-05   1.481E-04
 294.50     294.75     6.706E-05  1.248E-04     1.918E-05   1.918E-04
 294.75     295.00     4.569E-05  8.529E-05     1.310E-05   1.310E-04
 295.00     295.25     9.356E-05  1.754E-04     2.690E-05   2.690E-04
 295.25     295.50     1.375E-04  2.595E-04     3.970E-05   3.970E-04
 295.50     295.75     1.922E-04  3.647E-04     5.569E-05   5.569E-04
 295.75     296.00     2.128E-04  4.047E-04     6.176E-05   6.176E-04
 296.00     296.25     2.513E-04  4.800E-04     7.313E-05   7.313E-04
 296.25     296.50     4.298E-04  8.260E-04     1.256E-04   1.256E-03
 296.50     296.75     2.404E-04  4.618E-04     7.022E-05   7.022E-04
 296.75     297.00     3.023E-04  5.803E-04     8.826E-05   8.826E-04
 297.00     297.25     3.582E-04  6.911E-04     1.049E-04   1.049E-03
 297.25     297.50     4.382E-04  8.493E-04     1.287E-04   1.287E-03
 297.50     297.75     8.586E-04  1.672E-03     2.530E-04   2.530E-03
 297.75     298.00     1.276E-03  2.493E-03     3.768E-04   3.768E-03
 298.00     298.25     9.078E-04  1.779E-03     2.686E-04   2.686E-03
 298.25     298.50     7.156E-04  1.404E-03     2.120E-04   2.120E-03
 298.50     298.75     7.977E-04  1.567E-03     2.365E-04   2.365E-03
 298.75     299.00     1.184E-03  2.325E-03     3.510E-04   3.510E-03
 299.00     299.25     2.064E-03  4.064E-03     6.128E-04   6.128E-03
 299.25     299.50     1.933E-03  3.826E-03     5.759E-04   5.759E-03
 299.50     299.75     1.851E-03  3.681E-03     5.532E-04   5.532E-03
 299.75     300.00     3.105E-03  6.183E-03     9.287E-04   9.287E-03
 300.00     300.25     1.353E-03  2.694E-03     4.047E-04   4.047E-03
 300.25     300.50     1.754E-03  3.495E-03     5.249E-04   5.249E-03
 300.50     300.75     3.613E-03  7.202E-03     1.082E-03   1.082E-02
 300.75     301.00     2.566E-03  5.129E-03     7.695E-04   7.695E-03
 301.00     301.25     4.531E-03  9.096E-03     1.363E-03   1.363E-02
 301.25     301.50     4.978E-03  1.003E-02     1.500E-03   1.500E-02
 301.50     301.75     5.782E-03  1.166E-02     1.744E-03   1.744E-02
 301.75     302.00     4.352E-03  8.759E-03     1.311E-03   1.311E-02
 302.00     302.25     2.326E-03  4.677E-03     7.003E-04   7.003E-03
 302.25     302.50     7.101E-03  1.429E-02     2.139E-03   2.139E-02
 302.50     302.75     5.808E-03  1.172E-02     1.753E-03   1.753E-02
 302.75     303.00     1.220E-02  2.469E-02     3.689E-03   3.689E-02
 303.00     303.25     9.615E-03  1.952E-02     2.914E-03   2.914E-02
 303.25     303.50     1.444E-02  2.935E-02     4.380E-03   4.380E-02
 303.50     303.75     1.498E-02  3.042E-02     4.540E-03   4.540E-02
 303.75     304.00     8.702E-03  1.763E-02     2.634E-03   2.634E-02
 304.00     304.25     1.251E-02  2.527E-02     3.777E-03   3.777E-02
 304.25     304.50     1.246E-02  2.521E-02     3.767E-03   3.767E-02
 304.50     304.75     1.848E-02  3.744E-02     5.593E-03   5.593E-02
 304.75     305.00     1.100E-02  2.236E-02     3.336E-03   3.336E-02
 305.00     305.25     1.977E-02  4.030E-02     6.007E-03   6.007E-02
 305.25     305.50     2.507E-02  5.119E-02     7.625E-03   7.625E-02
 305.50     305.75     2.067E-02  4.213E-02     6.280E-03   6.280E-02
 305.75     306.00     1.082E-02  2.200E-02     3.282E-03   3.282E-02
 306.00     306.25     1.984E-02  4.026E-02     6.010E-03   6.010E-02
 306.25     306.50     2.279E-02  4.606E-02     6.885E-03   6.885E-02
 306.50     306.75     2.016E-02  4.080E-02     6.097E-03   6.097E-02
 306.75     307.00     1.995E-02  4.041E-02     6.036E-03   6.036E-02
 307.00     307.25     3.230E-02  6.562E-02     9.792E-03   9.792E-02
 307.25     307.50     3.096E-02  6.306E-02     9.402E-03   9.402E-02
 307.50     307.75     2.956E-02  6.023E-02     8.979E-03   8.979E-02
 307.75     308.00     3.303E-02  6.709E-02     1.001E-02   1.001E-01
 308.00     308.25     3.771E-02  7.626E-02     1.140E-02   1.140E-01
 308.25     308.50     2.681E-02  5.415E-02     8.096E-03   8.096E-02
 308.50     308.75     4.743E-02  9.570E-02     1.431E-02   1.431E-01
 308.75     309.00     3.333E-02  6.702E-02     1.004E-02   1.004E-01
 309.00     309.25     3.098E-02  6.221E-02     9.319E-03   9.319E-02
 309.25     309.50     2.447E-02  4.923E-02     7.371E-03   7.371E-02
 309.50     309.75     4.300E-02  8.694E-02     1.299E-02   1.299E-01
 309.75     310.00     3.522E-02  7.118E-02     1.064E-02   1.064E-01
 310.00     310.25     2.295E-02  4.623E-02     6.917E-03   6.917E-02
 310.25     310.50     4.231E-02  8.482E-02     1.271E-02   1.271E-01
 310.50     310.75     5.557E-02  1.114E-01     1.670E-02   1.670E-01
 310.75     311.00     6.710E-02  1.343E-01     2.014E-02   2.014E-01
 311.00     311.25     6.296E-02  1.257E-01     1.887E-02   1.887E-01
 311.25     311.50     6.461E-02  1.284E-01     1.930E-02   1.930E-01
 311.50     311.75     6.316E-02  1.253E-01     1.885E-02   1.885E-01
 311.75     312.00     5.379E-02  1.070E-01     1.608E-02   1.608E-01
 312.00     312.25     5.216E-02  1.038E-01     1.560E-02   1.560E-01
 312.25     312.50     6.255E-02  1.244E-01     1.869E-02   1.869E-01
 312.50     312.75     6.379E-02  1.268E-01     1.906E-02   1.906E-01
 312.75     313.00     6.894E-02  1.368E-01     2.057E-02   2.057E-01
 313.00     313.25     7.176E-02  1.420E-01     2.137E-02   2.137E-01
 313.25     313.50     6.527E-02  1.283E-01     1.936E-02   1.936E-01
 313.50     313.75     6.551E-02  1.280E-01     1.935E-02   1.935E-01
 313.75     314.00     8.229E-02  1.607E-01     2.430E-02   2.430E-01
 314.00     314.25     8.642E-02  1.690E-01     2.555E-02   2.555E-01
 314.25     314.50     6.664E-02  1.307E-01     1.973E-02   1.973E-01
 314.50     314.75     5.742E-02  1.128E-01     1.702E-02   1.702E-01
 314.75     315.00     8.014E-02  1.568E-01     2.369E-02   2.369E-01
 315.00     315.25     8.946E-02  1.745E-01     2.640E-02   2.640E-01
 315.25     315.50     9.133E-02  1.770E-01     2.683E-02   2.683E-01
 315.50     315.75     7.677E-02  1.473E-01     2.241E-02   2.241E-01
 315.75     316.00     4.805E-02  9.233E-02     1.404E-02   1.404E-01
 316.00     316.25     5.629E-02  1.085E-01     1.648E-02   1.648E-01
 316.25     316.50     8.189E-02  1.576E-01     2.395E-02   2.395E-01
 316.50     316.75     8.029E-02  1.546E-01     2.349E-02   2.349E-01
 316.75     317.00     9.401E-02  1.807E-01     2.747E-02   2.747E-01
 317.00     317.25     1.128E-01  2.149E-01     3.277E-02   3.277E-01
 317.25     317.50     1.193E-01  2.268E-01     3.461E-02   3.461E-01
 317.50     317.75     1.082E-01  2.041E-01     3.123E-02   3.123E-01
 317.75     318.00     1.048E-01  1.973E-01     3.022E-02   3.022E-01
 318.00     318.25     6.597E-02  1.243E-01     1.902E-02   1.902E-01
 318.25     318.50     8.185E-02  1.544E-01     2.363E-02   2.363E-01
 318.50     318.75     1.008E-01  1.903E-01     2.911E-02   2.911E-01
 318.75     319.00     1.107E-01  2.087E-01     3.194E-02   3.194E-01
 319.00     319.25     1.327E-01  2.499E-01     3.826E-02   3.826E-01
 319.25     319.50     7.726E-02  1.441E-01     2.214E-02   2.214E-01
 319.50     319.75     1.045E-01  1.931E-01     2.976E-02   2.976E-01
 319.75     320.00     1.273E-01  2.349E-01     3.621E-02   3.621E-01
 320.00     320.25     1.124E-01  2.056E-01     3.181E-02   3.181E-01
 320.25     320.50     1.350E-01  2.479E-01     3.829E-02   3.829E-01
 320.50     320.75     1.547E-01  2.844E-01     4.390E-02   4.390E-01
 320.75     321.00     1.435E-01  2.640E-01     4.075E-02   4.075E-01
 321.00     321.25     1.132E-01  2.085E-01     3.218E-02   3.218E-01
 321.25     321.50     9.582E-02  1.758E-01     2.716E-02   2.716E-01
 321.50     321.75     1.230E-01  2.247E-01     3.477E-02   3.477E-01
 321.75     322.00     1.375E-01  2.497E-01     3.871E-02   3.871E-01
 322.00     322.25     1.437E-01  2.571E-01     4.008E-02   4.008E-01
 322.25     322.50     1.129E-01  2.020E-01     3.150E-02   3.150E-01
 322.50     322.75     1.183E-01  2.107E-01     3.289E-02   3.289E-01
 322.75     323.00     9.976E-02  1.770E-01     2.767E-02   2.767E-01
 323.00     323.25     1.039E-01  1.850E-01     2.890E-02   2.890E-01
 323.25     323.50     1.404E-01  2.504E-01     3.908E-02   3.908E-01
 323.50     323.75     1.133E-01  2.021E-01     3.153E-02   3.153E-01
 323.75     324.00     1.419E-01  2.528E-01     3.947E-02   3.947E-01
 324.00     324.25     1.526E-01  2.704E-01     4.231E-02   4.231E-01
 324.25     324.50     1.433E-01  2.525E-01     3.958E-02   3.958E-01
 324.50     324.75     1.692E-01  2.967E-01     4.659E-02   4.659E-01
 324.75     325.00     1.267E-01  2.192E-01     3.459E-02   3.459E-01
 325.00     325.25     1.383E-01  2.387E-01     3.770E-02   3.770E-01
 325.25     325.50     1.555E-01  2.687E-01     4.242E-02   4.242E-01
 325.50     325.75     1.835E-01  3.155E-01     4.990E-02   4.990E-01
 325.75     326.00     1.925E-01  3.312E-01     5.237E-02   5.237E-01
 326.00     326.25     2.141E-01  3.684E-01     5.825E-02   5.825E-01
 326.25     326.50     2.036E-01  3.499E-01     5.535E-02   5.535E-01
 326.50     326.75     1.827E-01  3.133E-01     4.960E-02   4.960E-01
 326.75     327.00     2.193E-01  3.749E-01     5.942E-02   5.942E-01
 327.00     327.25     1.880E-01  3.191E-01     5.071E-02   5.071E-01
 327.25     327.50     1.955E-01  3.299E-01     5.254E-02   5.254E-01
 327.50     327.75     2.043E-01  3.439E-01     5.482E-02   5.482E-01
 327.75     328.00     1.829E-01  3.048E-01     4.877E-02   4.877E-01
 328.00     328.25     1.854E-01  3.074E-01     4.928E-02   4.928E-01
 328.25     328.50     1.857E-01  3.081E-01     4.938E-02   4.938E-01
 328.50     328.75     1.900E-01  3.153E-01     5.052E-02   5.052E-01
 328.75     329.00     1.559E-01  2.586E-01     4.145E-02   4.145E-01
 329.00     329.25     2.353E-01  3.895E-01     6.249E-02   6.249E-01
 329.25     329.50     2.320E-01  3.831E-01     6.152E-02   6.152E-01
 329.50     329.75     2.372E-01  3.902E-01     6.274E-02   6.274E-01
 329.75     330.00     2.370E-01  3.884E-01     6.254E-02   6.254E-01
 330.00     330.25     2.735E-01  4.464E-01     7.199E-02   7.199E-01
 330.25     330.50     2.054E-01  3.324E-01     5.378E-02   5.378E-01
 330.50     330.75     1.828E-01  2.948E-01     4.776E-02   4.776E-01
 330.75     331.00     2.026E-01  3.259E-01     5.285E-02   5.285E-01
 331.00     331.25     2.233E-01  3.564E-01     5.797E-02   5.797E-01
 331.25     331.50     2.085E-01  3.321E-01     5.406E-02   5.406E-01
 331.50     331.75     1.968E-01  3.134E-01     5.102E-02   5.102E-01
 331.75     332.00     2.326E-01  3.698E-01     6.024E-02   6.024E-01
 332.00     332.25     2.242E-01  3.557E-01     5.799E-02   5.799E-01
 332.25     332.50     1.791E-01  2.834E-01     4.625E-02   4.625E-01
 332.50     332.75     2.455E-01  3.874E-01     6.329E-02   6.329E-01
 332.75     333.00     2.077E-01  3.264E-01     5.341E-02   5.341E-01
 333.00     333.25     2.131E-01  3.335E-01     5.466E-02   5.466E-01
 333.25     333.50     2.249E-01  3.506E-01     5.755E-02   5.755E-01
 333.50     333.75     1.781E-01  2.758E-01     4.540E-02   4.540E-01
 333.75     334.00     1.959E-01  3.017E-01     4.976E-02   4.976E-01
 334.00     334.25     2.256E-01  3.468E-01     5.724E-02   5.724E-01
 334.25     334.50     2.089E-01  3.206E-01     5.295E-02   5.295E-01
 334.50     334.75     2.540E-01  3.890E-01     6.430E-02   6.430E-01
 334.75     335.00     2.268E-01  3.464E-01     5.733E-02   5.733E-01
 335.00     335.25     1.981E-01  3.018E-01     4.999E-02   4.999E-01
 335.25     335.50     2.461E-01  3.737E-01     6.197E-02   6.197E-01
 335.50     335.75     2.592E-01  3.923E-01     6.515E-02   6.515E-01
 335.75     336.00     2.327E-01  3.510E-01     5.837E-02   5.837E-01
 336.00     336.25     1.089E-01  1.636E-01     2.725E-02   2.725E-01
 336.25     336.50     1.936E-01  2.897E-01     4.833E-02   4.833E-01
 336.50     336.75     2.497E-01  3.720E-01     6.218E-02   6.218E-01
 336.75     337.00     1.854E-01  2.753E-01     4.607E-02   4.607E-01
 337.00     337.25     1.602E-01  2.367E-01     3.968E-02   3.968E-01
 337.25     337.50     1.735E-01  2.552E-01     4.287E-02   4.287E-01
 337.50     337.75     2.353E-01  3.452E-01     5.805E-02   5.805E-01
 337.75     338.00     2.485E-01  3.638E-01     6.123E-02   6.123E-01
 338.00     338.25     1.607E-01  2.347E-01     3.954E-02   3.954E-01
 338.25     338.50     2.250E-01  3.277E-01     5.527E-02   5.527E-01
 338.50     338.75     2.568E-01  3.729E-01     6.297E-02   6.297E-01
 338.75     339.00     2.273E-01  3.291E-01     5.564E-02   5.564E-01
 339.00     339.25     2.594E-01  3.742E-01     6.336E-02   6.336E-01
 339.25     339.50     1.864E-01  2.680E-01     4.544E-02   4.544E-01
 339.50     339.75     2.310E-01  3.309E-01     5.619E-02   5.619E-01
 339.75     340.00     2.759E-01  3.939E-01     6.698E-02   6.698E-01
 340.00     340.25     2.948E-01  4.190E-01     7.139E-02   7.139E-01
 340.25     340.50     2.605E-01  3.689E-01     6.294E-02   6.294E-01
 340.50     340.75     2.469E-01  3.488E-01     5.957E-02   5.957E-01
 340.75     341.00     2.235E-01  3.149E-01     5.384E-02   5.384E-01
 341.00     341.25     2.396E-01  3.365E-01     5.761E-02   5.761E-01
 341.25     341.50     2.331E-01  3.264E-01     5.595E-02   5.595E-01
 341.50     341.75     2.037E-01  2.844E-01     4.881E-02   4.881E-01
 341.75     342.00     2.424E-01  3.373E-01     5.796E-02   5.796E-01
 342.00     342.25     2.936E-01  4.072E-01     7.008E-02   7.008E-01
 342.25     342.50     2.328E-01  3.219E-01     5.547E-02   5.547E-01
 342.50     342.75     2.671E-01  3.681E-01     6.352E-02   6.352E-01
 342.75     343.00     2.320E-01  3.185E-01     5.505E-02   5.505E-01
 343.00     343.25     3.247E-01  4.444E-01     7.691E-02   7.691E-01
 343.25     343.50     2.101E-01  2.865E-01     4.966E-02   4.966E-01
 343.50     343.75     2.989E-01  4.063E-01     7.052E-02   7.052E-01
 343.75     344.00     2.397E-01  3.247E-01     5.644E-02   5.644E-01
 344.00     344.25     1.542E-01  2.080E-01     3.623E-02   3.623E-01
 344.25     344.50     1.573E-01  2.116E-01     3.689E-02   3.689E-01
 344.50     344.75     2.008E-01  2.694E-01     4.702E-02   4.702E-01
 344.75     345.00     2.465E-01  3.297E-01     5.762E-02   5.762E-01
 345.00     345.25     2.905E-01  3.875E-01     6.780E-02   6.780E-01
 345.25     345.50     2.198E-01  2.921E-01     5.119E-02   5.119E-01
 345.50     345.75     2.966E-01  3.929E-01     6.896E-02   6.896E-01
 345.75     346.00     2.347E-01  3.099E-01     5.446E-02   5.446E-01
 346.00     346.25     2.127E-01  2.800E-01     4.928E-02   4.928E-01
 346.25     346.50     2.438E-01  3.200E-01     5.638E-02   5.638E-01
 346.50     346.75     2.445E-01  3.199E-01     5.644E-02   5.644E-01
 346.75     347.00     2.851E-01  3.718E-01     6.569E-02   6.569E-01
 347.00     347.25     2.973E-01  3.866E-01     6.840E-02   6.840E-01
 347.25     347.50     2.472E-01  3.204E-01     5.677E-02   5.677E-01
 347.50     347.75     1.954E-01  2.525E-01     4.479E-02   4.479E-01
 347.75     348.00     2.297E-01  2.959E-01     5.256E-02   5.256E-01
 348.00     348.25     2.793E-01  3.588E-01     6.381E-02   6.381E-01
 348.25     348.50     2.413E-01  3.090E-01     5.503E-02   5.503E-01
 348.50     348.75     2.497E-01  3.188E-01     5.686E-02   5.686E-01
 348.75     349.00     3.033E-01  3.860E-01     6.893E-02   6.893E-01
 349.00     349.25     1.940E-01  2.461E-01     4.401E-02   4.401E-01
 349.25     349.50     2.332E-01  2.950E-01     5.282E-02   5.282E-01
 349.50     349.75     2.619E-01  3.302E-01     5.922E-02   5.922E-01
 349.75     350.00     2.169E-01  2.727E-01     4.896E-02   4.896E-01
 350.00     350.25     3.310E-01  4.149E-01     7.459E-02   7.459E-01
 350.25     350.50     3.355E-01  4.192E-01     7.547E-02   7.547E-01
 350.50     350.75     2.937E-01  3.659E-01     6.595E-02   6.595E-01
 350.75     351.00     3.167E-01  3.934E-01     7.101E-02   7.101E-01
 351.00     351.25     2.732E-01  3.383E-01     6.115E-02   6.115E-01
 351.25     351.50     2.460E-01  3.036E-01     5.496E-02   5.496E-01
 351.50     351.75     2.518E-01  3.099E-01     5.617E-02   5.617E-01
 351.75     352.00     3.372E-01  4.138E-01     7.510E-02   7.510E-01
 352.00     352.25     2.865E-01  3.506E-01     6.372E-02   6.372E-01
 352.25     352.50     2.661E-01  3.247E-01     5.908E-02   5.908E-01
 352.50     352.75     1.746E-01  2.124E-01     3.870E-02   3.870E-01
 352.75     353.00     2.783E-01  3.375E-01     6.159E-02   6.159E-01
 353.00     353.25     3.177E-01  3.842E-01     7.020E-02   7.020E-01
 353.25     353.50     2.623E-01  3.162E-01     5.785E-02   5.785E-01
 353.50     353.75     3.393E-01  4.079E-01     7.471E-02   7.471E-01
 353.75     354.00     2.993E-01  3.588E-01     6.580E-02   6.580E-01
 354.00     354.25     3.416E-01  4.084E-01     7.500E-02   7.500E-01
 354.25     354.50     3.177E-01  3.787E-01     6.965E-02   6.964E-01
 354.50     354.75     3.437E-01  4.084E-01     7.521E-02   7.521E-01
 354.75     355.00     3.241E-01  3.840E-01     7.080E-02   7.080E-01
 355.00     355.25     3.576E-01  4.225E-01     7.801E-02   7.801E-01
 355.25     355.50     3.054E-01  3.597E-01     6.651E-02   6.651E-01
 355.50     355.75     3.045E-01  3.578E-01     6.623E-02   6.623E-01
 355.75     356.00     2.803E-01  3.283E-01     6.086E-02   6.086E-01
 356.00     356.25     3.188E-01  3.723E-01     6.911E-02   6.911E-01
 356.25     356.50     3.680E-01  4.286E-01     7.965E-02   7.965E-01
 356.50     356.75     1.930E-01  2.241E-01     4.170E-02   4.170E-01
 356.75     357.00     2.854E-01  3.304E-01     6.158E-02   6.158E-01
 357.00     357.25     1.791E-01  2.068E-01     3.858E-02   3.858E-01
 357.25     357.50     2.562E-01  2.950E-01     5.512E-02   5.512E-01
 357.50     357.75     2.879E-01  3.305E-01     6.183E-02   6.183E-01
 357.75     358.00     2.742E-01  3.140E-01     5.882E-02   5.882E-01
 358.00     358.25     1.956E-01  2.233E-01     4.188E-02   4.188E-01
 358.25     358.50     2.017E-01  2.296E-01     4.313E-02   4.313E-01
 358.50     358.75     1.741E-01  1.976E-01     3.717E-02   3.717E-01
 358.75     359.00     2.026E-01  2.294E-01     4.320E-02   4.320E-01
 359.00     359.25     2.804E-01  3.166E-01     5.971E-02   5.971E-01
 359.25     359.50     3.118E-01  3.510E-01     6.628E-02   6.628E-01
 359.50     359.75     3.466E-01  3.892E-01     7.358E-02   7.358E-01
 359.75     360.00     3.717E-01  4.162E-01     7.879E-02   7.879E-01
 360.00     360.25     3.973E-01  4.435E-01     8.408E-02   8.408E-01
 360.25     360.50     2.812E-01  3.131E-01     5.944E-02   5.944E-01
 360.50     360.75     2.820E-01  3.131E-01     5.951E-02   5.951E-01
 360.75     361.00     2.606E-01  2.886E-01     5.491E-02   5.491E-01
 361.00     361.25     2.372E-01  2.620E-01     4.992E-02   4.992E-01
 361.25     361.50     2.916E-01  3.212E-01     6.128E-02   6.128E-01
 361.50     361.75     3.387E-01  3.720E-01     7.108E-02   7.108E-01
 361.75     362.00     2.401E-01  2.630E-01     5.030E-02   5.030E-01
 362.00     362.25     2.266E-01  2.475E-01     4.742E-02   4.742E-01
 362.25     362.50     3.291E-01  3.585E-01     6.876E-02   6.876E-01
 362.50     362.75     3.531E-01  3.836E-01     7.367E-02   7.367E-01
 362.75     363.00     3.998E-01  4.332E-01     8.330E-02   8.330E-01
 363.00     363.25     2.922E-01  3.157E-01     6.079E-02   6.079E-01
 363.25     363.50     2.622E-01  2.826E-01     5.448E-02   5.448E-01
 363.50     363.75     2.871E-01  3.085E-01     5.956E-02   5.956E-01
 363.75     364.00     3.288E-01  3.524E-01     6.812E-02   6.812E-01
 364.00     364.25     3.802E-01  4.065E-01     7.867E-02   7.867E-01
 364.25     364.50     3.324E-01  3.545E-01     6.869E-02   6.869E-01
 364.50     364.75     3.003E-01  3.194E-01     6.197E-02   6.197E-01
 364.75     365.00     2.700E-01  2.864E-01     5.564E-02   5.564E-01
 365.00     365.25     3.260E-01  3.449E-01     6.709E-02   6.709E-01
 365.25     365.50     3.977E-01  4.196E-01     8.173E-02   8.173E-01
 365.50     365.75     4.025E-01  4.235E-01     8.261E-02   8.261E-01
 365.75     366.00     4.464E-01  4.685E-01     9.148E-02   9.148E-01
 366.00     366.25     4.431E-01  4.638E-01     9.069E-02   9.069E-01
 366.25     366.50     4.159E-01  4.342E-01     8.501E-02   8.501E-01
 366.50     366.75     4.070E-01  4.238E-01     8.308E-02   8.308E-01
 366.75     367.00     4.067E-01  4.224E-01     8.291E-02   8.291E-01
 367.00     367.25     3.536E-01  3.663E-01     7.200E-02   7.200E-01
 367.25     367.50     4.506E-01  4.656E-01     9.162E-02   9.162E-01
 367.50     367.75     4.308E-01  4.440E-01     8.748E-02   8.748E-01
 367.75     368.00     3.616E-01  3.716E-01     7.332E-02   7.332E-01
 368.00     368.25     3.287E-01  3.370E-01     6.657E-02   6.657E-01
 368.25     368.50     4.002E-01  4.093E-01     8.095E-02   8.095E-01
 368.50     368.75     3.638E-01  3.710E-01     7.348E-02   7.348E-01
 368.75     369.00     3.171E-01  3.226E-01     6.397E-02   6.397E-01
 369.00     369.25     4.152E-01  4.213E-01     8.365E-02   8.365E-01
 369.25     369.50     4.479E-01  4.534E-01     9.013E-02   9.013E-01
 369.50     369.75     4.093E-01  4.132E-01     8.226E-02   8.226E-01
 369.75     370.00     4.274E-01  4.304E-01     8.578E-02   8.578E-01
 370.00     370.25     4.813E-01  4.834E-01     9.647E-02   9.647E-01
 370.25     370.50     4.335E-01  4.343E-01     8.678E-02   8.678E-01
 370.50     370.75     2.843E-01  2.841E-01     5.685E-02   5.685E-01
 370.75     371.00     3.504E-01  3.493E-01     6.998E-02   6.998E-01
 371.00     371.25     3.550E-01  3.530E-01     7.080E-02   7.080E-01
 371.25     371.50     4.781E-01  4.743E-01     9.524E-02   9.524E-01
 371.50     371.75     4.930E-01  4.878E-01     9.808E-02   9.808E-01
 371.75     372.00     4.565E-01  4.506E-01     9.071E-02   9.071E-01
 372.00     372.25     2.213E-01  2.179E-01     4.392E-02   4.392E-01
 372.25     372.50     2.972E-01  2.919E-01     5.892E-02   5.892E-01
 372.50     372.75     4.699E-01  4.603E-01     9.302E-02   9.302E-01
 372.75     373.00     3.351E-01  3.274E-01     6.625E-02   6.625E-01
 373.00     373.25     4.266E-01  4.158E-01     8.424E-02   8.424E-01
 373.25     373.50     3.163E-01  3.076E-01     6.239E-02   6.239E-01
 373.50     373.75     1.963E-01  1.905E-01     3.868E-02   3.868E-01
 373.75     374.00     2.619E-01  2.534E-01     5.153E-02   5.153E-01
 374.00     374.25     4.338E-01  4.188E-01     8.526E-02   8.526E-01
 374.25     374.50     3.508E-01  3.378E-01     6.886E-02   6.886E-01
 374.50     374.75     2.709E-01  2.602E-01     5.310E-02   5.310E-01
 374.75     375.00     2.692E-01  2.580E-01     5.271E-02   5.271E-01
 375.00     375.25     2.395E-01  2.290E-01     4.685E-02   4.685E-01
 375.25     375.50     4.210E-01  4.014E-01     8.224E-02   8.224E-01
 375.50     375.75     5.339E-01  5.079E-01     1.042E-01   1.042E+00
 375.75     376.00     3.081E-01  2.924E-01     6.006E-02   6.006E-01
 376.00     376.25     3.738E-01  3.539E-01     7.277E-02   7.277E-01
 376.25     376.50     3.695E-01  3.490E-01     7.184E-02   7.184E-01
 376.50     376.75     4.234E-01  3.989E-01     8.223E-02   8.223E-01
 376.75     377.00     3.404E-01  3.199E-01     6.603E-02   6.603E-01
 377.00     377.25     3.834E-01  3.595E-01     7.429E-02   7.429E-01
 377.25     377.50     4.749E-01  4.442E-01     9.191E-02   9.191E-01
 377.50     377.75     4.639E-01  4.329E-01     8.968E-02   8.968E-01
 377.75     378.00     4.809E-01  4.478E-01     9.287E-02   9.287E-01
 378.00     378.25     5.393E-01  5.009E-01     1.040E-01   1.040E+00
 378.25     378.50     5.104E-01  4.730E-01     9.835E-02   9.835E-01
 378.50     378.75     5.105E-01  4.719E-01     9.824E-02   9.824E-01
 378.75     379.00     4.133E-01  3.812E-01     7.946E-02   7.946E-01
 379.00     379.25     3.810E-01  3.506E-01     7.316E-02   7.316E-01
 379.25     379.50     4.150E-01  3.810E-01     7.959E-02   7.959E-01
 379.50     379.75     3.687E-01  3.377E-01     7.064E-02   7.064E-01
 379.75     380.00     3.020E-01  2.759E-01     5.779E-02   5.779E-01
 380.00     380.25     4.008E-01  3.654E-01     7.662E-02   7.662E-01
 380.25     380.50     4.684E-01  4.260E-01     8.944E-02   8.944E-01
 380.50     380.75     4.946E-01  4.488E-01     9.434E-02   9.434E-01
 380.75     381.00     4.082E-01  3.695E-01     7.777E-02   7.777E-01
 381.00     381.25     5.168E-01  4.667E-01     9.835E-02   9.835E-01
 381.25     381.50     4.270E-01  3.848E-01     8.119E-02   8.119E-01
 381.50     381.75     2.952E-01  2.654E-01     5.607E-02   5.607E-01
 381.75     382.00     4.330E-01  3.884E-01     8.214E-02   8.214E-01
 382.00     382.25     2.431E-01  2.176E-01     4.607E-02   4.607E-01
 382.25     382.50     4.013E-01  3.583E-01     7.597E-02   7.597E-01
 382.50     382.75     2.107E-01  1.877E-01     3.984E-02   3.984E-01
 382.75     383.00     2.639E-01  2.346E-01     4.984E-02   4.984E-01
 383.00     383.25     2.923E-01  2.593E-01     5.516E-02   5.516E-01
 383.25     383.50     2.119E-01  1.875E-01     3.994E-02   3.994E-01
 383.50     383.75     2.498E-01  2.206E-01     4.704E-02   4.704E-01
 383.75     384.00     2.327E-01  2.050E-01     4.377E-02   4.377E-01
 384.00     384.25     2.205E-01  1.938E-01     4.143E-02   4.143E-01
 384.25     384.50     3.995E-01  3.503E-01     7.497E-02   7.497E-01
 384.50     384.75     4.250E-01  3.718E-01     7.968E-02   7.968E-01
 384.75     385.00     4.429E-01  3.866E-01     8.295E-02   8.295E-01
 385.00     385.25     3.347E-01  2.915E-01     6.262E-02   6.262E-01
 385.25     385.50     4.471E-01  3.886E-01     8.357E-02   8.357E-01
 385.50     385.75     3.460E-01  3.000E-01     6.460E-02   6.460E-01
 385.75     386.00     3.498E-01  3.026E-01     6.524E-02   6.524E-01
 386.00     386.25     2.270E-01  1.959E-01     4.229E-02   4.229E-01
 386.25     386.50     4.528E-01  3.900E-01     8.429E-02   8.429E-01
 386.50     386.75     4.197E-01  3.607E-01     7.803E-02   7.803E-01
 386.75     387.00     4.133E-01  3.545E-01     7.678E-02   7.678E-01
 387.00     387.25     3.192E-01  2.731E-01     5.923E-02   5.923E-01
 387.25     387.50     2.947E-01  2.516E-01     5.462E-02   5.462E-01
 387.50     387.75     4.747E-01  4.044E-01     8.792E-02   8.792E-01
 387.75     388.00     3.228E-01  2.744E-01     5.973E-02   5.973E-01
 388.00     388.25     4.058E-01  3.442E-01     7.500E-02   7.500E-01
 388.25     388.50     3.187E-01  2.697E-01     5.884E-02   5.884E-01
 388.50     388.75     3.811E-01  3.218E-01     7.029E-02   7.029E-01
 388.75     389.00     3.146E-01  2.651E-01     5.796E-02   5.796E-01
 389.00     389.25     3.744E-01  3.148E-01     6.893E-02   6.893E-01
 389.25     389.50     4.746E-01  3.982E-01     8.729E-02   8.729E-01
 389.50     389.75     4.245E-01  3.554E-01     7.799E-02   7.799E-01
 389.75     390.00     5.249E-01  4.385E-01     9.634E-02   9.634E-01
 390.00     390.25     4.587E-01  3.824E-01     8.410E-02   8.410E-01
 390.25     390.50     4.337E-01  3.608E-01     7.944E-02   7.944E-01
 390.50     390.75     3.865E-01  3.208E-01     7.073E-02   7.073E-01
 390.75     391.00     4.943E-01  4.094E-01     9.037E-02   9.037E-01
 391.00     391.25     5.167E-01  4.271E-01     9.438E-02   9.438E-01
 391.25     391.50     5.625E-01  4.640E-01     1.026E-01   1.026E+00
 391.50     391.75     5.277E-01  4.343E-01     9.620E-02   9.620E-01
 391.75     392.00     5.046E-01  4.144E-01     9.190E-02   9.190E-01
 392.00     392.25     4.112E-01  3.370E-01     7.482E-02   7.482E-01
 392.25     392.50     4.331E-01  3.542E-01     7.873E-02   7.873E-01
 392.50     392.75     4.320E-01  3.525E-01     7.845E-02   7.845E-01
 392.75     393.00     3.131E-01  2.550E-01     5.680E-02   5.680E-01
 393.00     393.25     2.040E-01  1.658E-01     3.699E-02   3.699E-01
 393.25     393.50     1.149E-01  9.320E-02     2.081E-02   2.081E-01
 393.50     393.75     1.303E-01  1.054E-01     2.357E-02   2.357E-01
 393.75     394.00     2.445E-01  1.975E-01     4.420E-02   4.420E-01
 394.00     394.25     3.705E-01  2.986E-01     6.691E-02   6.691E-01
 394.25     394.50     3.822E-01  3.074E-01     6.897E-02   6.897E-01
 394.50     394.75     4.157E-01  3.336E-01     7.493E-02   7.493E-01
 394.75     395.00     4.701E-01  3.765E-01     8.466E-02   8.466E-01
 395.00     395.25     5.521E-01  4.413E-01     9.933E-02   9.933E-01
 395.25     395.50     4.917E-01  3.922E-01     8.839E-02   8.839E-01
 395.50     395.75     5.689E-01  4.529E-01     1.022E-01   1.022E+00
 395.75     396.00     5.030E-01  3.995E-01     9.025E-02   9.025E-01
 396.00     396.25     5.141E-01  4.076E-01     9.216E-02   9.216E-01
 396.25     396.50     3.159E-01  2.500E-01     5.659E-02   5.659E-01
 396.50     396.75     2.870E-01  2.266E-01     5.137E-02   5.137E-01
 396.75     397.00     1.290E-01  1.017E-01     2.307E-02   2.307E-01
 397.00     397.25     1.711E-01  1.345E-01     3.056E-02   3.056E-01
 397.25     397.50     3.129E-01  2.455E-01     5.584E-02   5.584E-01
 397.50     397.75     4.473E-01  3.503E-01     7.976E-02   7.976E-01
 397.75     398.00     5.136E-01  4.014E-01     9.149E-02   9.149E-01
 398.00     398.25     6.480E-01  5.055E-01     1.154E-01   1.154E+00
 398.25     398.50     5.908E-01  4.599E-01     1.051E-01   1.051E+00
 398.50     398.75     6.146E-01  4.775E-01     1.092E-01   1.092E+00
 398.75     399.00     6.367E-01  4.936E-01     1.130E-01   1.130E+00
 399.00     399.25     6.487E-01  5.019E-01     1.151E-01   1.151E+00
 399.25     399.50     7.047E-01  5.442E-01     1.249E-01   1.249E+00
 399.50     399.75     6.472E-01  4.987E-01     1.146E-01   1.146E+00
 399.75     400.00     5.985E-01  4.603E-01     1.059E-01   1.059E+00
 400.00     400.25     7.333E-01  5.628E-01     1.296E-01   1.296E+00
 400.25     400.50     7.437E-01  5.697E-01     1.313E-01   1.313E+00
 400.50     400.75     5.791E-01  4.428E-01     1.022E-01   1.022E+00
 400.75     401.00     6.859E-01  5.234E-01     1.209E-01   1.209E+00
 401.00     401.25     7.016E-01  5.343E-01     1.236E-01   1.236E+00
 401.25     401.50     7.275E-01  5.529E-01     1.280E-01   1.280E+00
 401.50     401.75     7.373E-01  5.593E-01     1.297E-01   1.297E+00
 401.75     402.00     6.645E-01  5.030E-01     1.168E-01   1.168E+00
 402.00     402.25     7.573E-01  5.722E-01     1.329E-01   1.329E+00
 402.25     402.50     7.302E-01  5.506E-01     1.281E-01   1.281E+00
 402.50     402.75     6.945E-01  5.227E-01     1.217E-01   1.217E+00
 402.75     403.00     7.671E-01  5.762E-01     1.343E-01   1.343E+00
 403.00     403.25     6.446E-01  4.833E-01     1.128E-01   1.128E+00
 403.25     403.50     6.164E-01  4.612E-01     1.078E-01   1.078E+00
 403.50     403.75     6.468E-01  4.830E-01     1.130E-01   1.130E+00
 403.75     404.00     8.010E-01  5.970E-01     1.398E-01   1.398E+00
 404.00     404.25     7.264E-01  5.404E-01     1.267E-01   1.267E+00
 404.25     404.50     7.828E-01  5.812E-01     1.364E-01   1.364E+00
 404.50     404.75     4.342E-01  3.217E-01     7.559E-02   7.559E-01
 404.75     405.00     7.217E-01  5.338E-01     1.255E-01   1.255E+00
 405.00     405.25     7.684E-01  5.672E-01     1.336E-01   1.336E+00
 405.25     405.50     7.117E-01  5.243E-01     1.236E-01   1.236E+00
 405.50     405.75     6.694E-01  4.923E-01     1.162E-01   1.162E+00
 405.75     406.00     6.281E-01  4.610E-01     1.089E-01   1.089E+00
 406.00     406.25     7.375E-01  5.403E-01     1.278E-01   1.278E+00
 406.25     406.50     5.605E-01  4.099E-01     9.704E-02   9.704E-01
 406.50     406.75     6.672E-01  4.870E-01     1.154E-01   1.154E+00
 406.75     407.00     6.596E-01  4.804E-01     1.140E-01   1.140E+00
 407.00     407.25     7.489E-01  5.445E-01     1.293E-01   1.293E+00
 407.25     407.50     6.170E-01  4.477E-01     1.065E-01   1.065E+00
 407.50     407.75     7.206E-01  5.219E-01     1.243E-01   1.243E+00
 407.75     408.00     5.683E-01  4.108E-01     9.791E-02   9.791E-01
 408.00     408.25     7.261E-01  5.239E-01     1.250E-01   1.250E+00
 408.25     408.50     7.461E-01  5.374E-01     1.284E-01   1.284E+00
 408.50     408.75     6.840E-01  4.917E-01     1.176E-01   1.176E+00
 408.75     409.00     8.103E-01  5.814E-01     1.392E-01   1.392E+00
 409.00     409.25     7.920E-01  5.672E-01     1.359E-01   1.359E+00
 409.25     409.50     7.512E-01  5.370E-01     1.288E-01   1.288E+00
 409.50     409.75     7.083E-01  5.054E-01     1.214E-01   1.214E+00
 409.75     410.00     6.654E-01  4.739E-01     1.139E-01   1.139E+00
 410.00     410.25     6.039E-01  4.293E-01     1.033E-01   1.033E+00
 410.25     410.50     5.063E-01  3.593E-01     8.656E-02   8.656E-01
 410.50     410.75     6.928E-01  4.907E-01     1.184E-01   1.184E+00
 410.75     411.00     7.349E-01  5.196E-01     1.254E-01   1.254E+00
 411.00     411.25     7.184E-01  5.070E-01     1.225E-01   1.225E+00
 411.25     411.50     7.645E-01  5.385E-01     1.303E-01   1.303E+00
 411.50     411.75     8.080E-01  5.682E-01     1.376E-01   1.376E+00
 411.75     412.00     7.688E-01  5.396E-01     1.308E-01   1.308E+00
 412.00     412.25     7.700E-01  5.394E-01     1.309E-01   1.309E+00
 412.25     412.50     7.371E-01  5.155E-01     1.253E-01   1.253E+00
 412.50     412.75     7.878E-01  5.499E-01     1.338E-01   1.338E+00
 412.75     413.00     7.468E-01  5.203E-01     1.267E-01   1.267E+00
 413.00     413.25     7.729E-01  5.376E-01     1.310E-01   1.310E+00
 413.25     413.50     6.483E-01  4.501E-01     1.098E-01   1.098E+00
 413.50     413.75     7.448E-01  5.161E-01     1.261E-01   1.261E+00
 413.75     414.00     7.930E-01  5.486E-01     1.342E-01   1.342E+00
 414.00     414.25     8.469E-01  5.848E-01     1.432E-01   1.432E+00
 414.25     414.50     6.565E-01  4.525E-01     1.109E-01   1.109E+00
 414.50     414.75     7.251E-01  4.989E-01     1.224E-01   1.224E+00
 414.75     415.00     8.217E-01  5.644E-01     1.386E-01   1.386E+00
 415.00     415.25     7.404E-01  5.076E-01     1.248E-01   1.248E+00
 415.25     415.50     7.713E-01  5.278E-01     1.299E-01   1.299E+00
 415.50     415.75     6.976E-01  4.765E-01     1.174E-01   1.174E+00
 415.75     416.00     7.168E-01  4.888E-01     1.206E-01   1.206E+00
 416.00     416.25     7.867E-01  5.355E-01     1.322E-01   1.322E+00
 416.25     416.50     8.328E-01  5.659E-01     1.399E-01   1.399E+00
 416.50     416.75     8.368E-01  5.676E-01     1.404E-01   1.404E+00
 416.75     417.00     7.377E-01  4.995E-01     1.237E-01   1.237E+00
 417.00     417.25     8.096E-01  5.472E-01     1.357E-01   1.357E+00
 417.25     417.50     6.451E-01  4.353E-01     1.080E-01   1.080E+00
 417.50     417.75     7.492E-01  5.046E-01     1.254E-01   1.254E+00
 417.75     418.00     7.243E-01  4.870E-01     1.211E-01   1.211E+00
 418.00     418.25     8.046E-01  5.400E-01     1.345E-01   1.345E+00
 418.25     418.50     7.047E-01  4.722E-01     1.177E-01   1.177E+00
 418.50     418.75     8.078E-01  5.403E-01     1.348E-01   1.348E+00
 418.75     419.00     6.425E-01  4.290E-01     1.071E-01   1.071E+00
 419.00     419.25     8.158E-01  5.438E-01     1.360E-01   1.360E+00
 419.25     419.50     8.045E-01  5.353E-01     1.340E-01   1.340E+00
 419.50     419.75     7.680E-01  5.101E-01     1.278E-01   1.278E+00
 419.75     420.00     6.775E-01  4.493E-01     1.127E-01   1.127E+00

