
 <pre>


 \n INPUT PARAMETERS:\n
 RADIATION SCHEME:            2  streams\n
 w-grid:         461   289.500000       750.500000    
 equally spaced z-grid
 z-grid:          81   0.00000000       80.0000000    
  measurement point: index           1  altitude=   0.00000000    
 idate =     20240623  esfact(1) =   0.967971444    
 air temperature: USSA, 1976
 air concentrations: USSA, 1976
 ozone profile: USSA, 1976
 DATAE1/SUN/susim_hi.flx
 DATAE1/SUN/atlas3_1994_317_a.dat        
 DATAE1/SUN/neckel.flx                   
 DATAE1/SUN/sao2010.solref.converted     
 aerosols:  Elterman (1968) continental profile
 lat=   60.2091103      long=   24.9647408      ut=   15.3333330    
 solar zenith angle =    62.1181755    
 \n SPECTRAL IRRADIANCE (W m-2 nm-1):\n
 LOWER WVL  UPPER WVL  DIRECT     DIFFUSE DOWN  DIFFUSE UP  TOTAL DOWNWELLING
 289.50     290.50     6.970E-13  2.549E-11     2.618E-12   2.618E-11
 290.50     291.50     7.898E-12  2.287E-10     2.366E-11   2.366E-10
 291.50     292.51     1.339E-10  3.038E-09     3.171E-10   3.171E-09
 292.51     293.51     8.100E-10  1.589E-08     1.670E-09   1.670E-08
 293.51     294.51     7.173E-09  1.213E-07     1.284E-08   1.284E-07
 294.51     295.51     3.424E-08  5.219E-07     5.562E-08   5.562E-07
 295.51     296.52     2.494E-07  3.438E-06     3.687E-07   3.687E-06
 296.52     297.52     5.515E-07  7.070E-06     7.621E-07   7.621E-06
 297.52     298.52     2.976E-06  3.560E-05     3.857E-06   3.857E-05
 298.52     299.52     6.881E-06  7.791E-05     8.479E-06   8.479E-05
 299.52     300.52     1.608E-05  1.728E-04     1.888E-05   1.888E-04
 300.52     301.53     4.336E-05  4.455E-04     4.888E-05   4.888E-04
 301.53     302.53     7.306E-05  7.206E-04     7.937E-05   7.937E-04
 302.53     303.53     2.197E-04  2.085E-03     2.305E-04   2.305E-03
 303.53     304.53     3.169E-04  2.905E-03     3.221E-04   3.221E-03
 304.53     305.53     6.143E-04  5.445E-03     6.059E-04   6.059E-03
 305.53     306.54     7.357E-04  6.317E-03     7.053E-04   7.053E-03
 306.54     307.54     1.243E-03  1.036E-02     1.160E-03   1.160E-02
 307.54     308.54     1.831E-03  1.483E-02     1.666E-03   1.666E-02
 308.54     309.54     2.089E-03  1.643E-02     1.852E-03   1.852E-02
 309.54     310.55     2.703E-03  2.074E-02     2.345E-03   2.345E-02
 310.55     311.55     4.887E-03  3.648E-02     4.137E-03   4.137E-02
 311.55     312.55     5.295E-03  3.856E-02     4.386E-03   4.386E-02
 312.55     313.55     6.209E-03  4.415E-02     5.036E-03   5.036E-02
 313.55     314.55     7.603E-03  5.266E-02     6.027E-03   6.027E-02
 314.55     315.56     9.069E-03  6.151E-02     7.058E-03   7.058E-02
 315.56     316.56     7.726E-03  5.100E-02     5.873E-03   5.873E-02
 316.56     317.56     1.288E-02  8.326E-02     9.614E-03   9.614E-02
 317.56     318.56     1.135E-02  7.145E-02     8.280E-03   8.280E-02
 318.56     319.57     1.460E-02  9.028E-02     1.049E-02   1.049E-01
 319.57     320.57     1.703E-02  1.021E-01     1.191E-02   1.191E-01
 320.57     321.57     1.811E-02  1.070E-01     1.251E-02   1.251E-01
 321.57     322.57     1.996E-02  1.144E-01     1.344E-02   1.344E-01
 322.57     323.57     1.676E-02  9.380E-02     1.106E-02   1.106E-01
 323.57     324.58     2.346E-02  1.292E-01     1.527E-02   1.527E-01
 324.58     325.58     2.321E-02  1.237E-01     1.469E-02   1.469E-01
 325.58     326.58     3.372E-02  1.765E-01     2.102E-02   2.102E-01
 326.58     327.58     3.446E-02  1.766E-01     2.110E-02   2.110E-01
 327.58     328.58     3.245E-02  1.613E-01     1.938E-02   1.938E-01
 328.58     329.59     3.733E-02  1.827E-01     2.200E-02   2.200E-01
 329.59     330.59     4.277E-02  2.042E-01     2.470E-02   2.470E-01
 330.59     331.59     3.623E-02  1.683E-01     2.045E-02   2.045E-01
 331.59     332.59     3.981E-02  1.816E-01     2.214E-02   2.214E-01
 332.59     333.60     4.259E-02  1.900E-01     2.326E-02   2.326E-01
 333.60     334.60     3.908E-02  1.698E-01     2.089E-02   2.089E-01
 334.60     335.60     4.520E-02  1.927E-01     2.379E-02   2.379E-01
 335.60     336.60     3.988E-02  1.663E-01     2.062E-02   2.062E-01
 336.60     337.60     3.668E-02  1.493E-01     1.859E-02   1.859E-01
 337.60     338.61     4.562E-02  1.819E-01     2.275E-02   2.275E-01
 338.61     339.61     4.682E-02  1.829E-01     2.298E-02   2.298E-01
 339.61     340.61     5.468E-02  2.088E-01     2.635E-02   2.635E-01
 340.61     341.61     4.785E-02  1.791E-01     2.269E-02   2.269E-01
 341.61     342.62     5.390E-02  1.976E-01     2.515E-02   2.515E-01
 342.62     343.62     5.718E-02  2.053E-01     2.625E-02   2.625E-01
 343.62     344.62     4.310E-02  1.514E-01     1.945E-02   1.945E-01
 344.62     345.62     5.538E-02  1.909E-01     2.463E-02   2.463E-01
 345.62     346.62     5.378E-02  1.815E-01     2.353E-02   2.353E-01
 346.62     347.63     5.715E-02  1.892E-01     2.463E-02   2.463E-01
 347.63     348.63     5.374E-02  1.744E-01     2.282E-02   2.282E-01
 348.63     349.63     5.719E-02  1.821E-01     2.393E-02   2.393E-01
 349.63     350.63     6.500E-02  2.030E-01     2.680E-02   2.680E-01
 350.63     351.63     6.206E-02  1.901E-01     2.522E-02   2.522E-01
 351.63     352.64     6.538E-02  1.966E-01     2.619E-02   2.619E-01
 352.64     353.64     6.626E-02  1.956E-01     2.618E-02   2.618E-01
 353.64     354.64     7.667E-02  2.222E-01     2.988E-02   2.988E-01
 354.64     355.64     7.516E-02  2.138E-01     2.890E-02   2.890E-01
 355.64     356.65     7.591E-02  2.121E-01     2.880E-02   2.880E-01
 356.65     357.65     5.671E-02  1.556E-01     2.124E-02   2.124E-01
 357.65     358.65     5.515E-02  1.487E-01     2.039E-02   2.039E-01
 358.65     359.65     6.528E-02  1.730E-01     2.383E-02   2.383E-01
 359.65     360.65     8.395E-02  2.186E-01     3.026E-02   3.026E-01
 360.65     361.66     6.934E-02  1.775E-01     2.468E-02   2.468E-01
 361.66     362.66     7.023E-02  1.767E-01     2.470E-02   2.470E-01
 362.66     363.66     8.011E-02  1.982E-01     2.784E-02   2.784E-01
 363.66     364.66     8.591E-02  2.091E-01     2.950E-02   2.950E-01
 364.66     365.67     8.850E-02  2.119E-01     3.004E-02   3.004E-01
 365.67     366.67     1.105E-01  2.601E-01     3.706E-02   3.706E-01
 366.67     367.67     1.059E-01  2.455E-01     3.514E-02   3.514E-01
 367.67     368.67     9.731E-02  2.219E-01     3.192E-02   3.192E-01
 368.67     369.67     1.034E-01  2.322E-01     3.356E-02   3.356E-01
 369.67     370.68     1.117E-01  2.468E-01     3.585E-02   3.585E-01
 370.68     371.68     1.079E-01  2.347E-01     3.426E-02   3.426E-01
 371.68     372.68     9.468E-02  2.028E-01     2.975E-02   2.975E-01
 372.68     373.68     9.142E-02  1.929E-01     2.843E-02   2.843E-01
 373.68     374.68     9.117E-02  1.894E-01     2.806E-02   2.806E-01
 374.68     375.69     9.412E-02  1.927E-01     2.868E-02   2.868E-01
 375.69     376.69     1.033E-01  2.083E-01     3.116E-02   3.116E-01
 376.69     377.69     1.153E-01  2.291E-01     3.444E-02   3.444E-01
 377.69     378.69     1.451E-01  2.841E-01     4.291E-02   4.291E-01
 378.69     379.70     1.079E-01  2.083E-01     3.162E-02   3.162E-01
 379.70     380.70     1.170E-01  2.225E-01     3.395E-02   3.395E-01
 380.70     381.70     1.211E-01  2.272E-01     3.483E-02   3.483E-01
 381.70     382.70     9.183E-02  1.699E-01     2.617E-02   2.617E-01
 382.70     383.70     7.138E-02  1.302E-01     2.016E-02   2.016E-01
 383.70     384.71     9.024E-02  1.623E-01     2.526E-02   2.526E-01
 384.71     385.71     1.166E-01  2.070E-01     3.236E-02   3.236E-01
 385.71     386.71     1.027E-01  1.798E-01     2.825E-02   2.825E-01
 386.71     387.71     1.100E-01  1.900E-01     3.000E-02   3.000E-01
 387.71     388.72     1.083E-01  1.846E-01     2.930E-02   2.930E-01
 388.72     389.72     1.143E-01  1.922E-01     3.064E-02   3.064E-01
 389.72     390.72     1.353E-01  2.245E-01     3.598E-02   3.598E-01
 390.72     391.72     1.561E-01  2.557E-01     4.118E-02   4.118E-01
 391.72     392.72     1.346E-01  2.177E-01     3.523E-02   3.523E-01
 392.72     393.73     5.919E-02  9.450E-02     1.537E-02   1.537E-01
 393.73     394.73     1.043E-01  1.645E-01     2.688E-02   2.688E-01
 394.73     395.73     1.599E-01  2.489E-01     4.088E-02   4.088E-01
 395.73     396.73     1.253E-01  1.926E-01     3.178E-02   3.178E-01
 396.73     397.73     8.022E-02  1.218E-01     2.020E-02   2.020E-01
 397.73     398.74     1.824E-01  2.735E-01     4.559E-02   4.559E-01
 398.74     399.74     2.044E-01  3.028E-01     5.072E-02   5.072E-01
 399.74     400.74     2.073E-01  3.034E-01     5.107E-02   5.107E-01
 400.74     401.74     2.230E-01  3.226E-01     5.456E-02   5.456E-01
 401.74     402.75     2.240E-01  3.201E-01     5.441E-02   5.441E-01
 402.75     403.75     2.113E-01  2.985E-01     5.098E-02   5.098E-01
 403.75     404.75     2.179E-01  3.041E-01     5.220E-02   5.220E-01
 404.75     405.75     2.288E-01  3.156E-01     5.444E-02   5.444E-01
 405.75     406.75     2.074E-01  2.828E-01     4.902E-02   4.902E-01
 406.75     407.76     2.205E-01  2.974E-01     5.179E-02   5.179E-01
 407.76     408.76     2.200E-01  2.932E-01     5.132E-02   5.132E-01
 408.76     409.76     2.479E-01  3.268E-01     5.747E-02   5.747E-01
 409.76     410.76     2.005E-01  2.613E-01     4.617E-02   4.617E-01
 410.76     411.77     2.477E-01  3.193E-01     5.670E-02   5.670E-01
 411.77     412.77     2.508E-01  3.197E-01     5.705E-02   5.705E-01
 412.77     413.77     2.401E-01  3.028E-01     5.429E-02   5.429E-01
 413.77     414.77     2.499E-01  3.117E-01     5.616E-02   5.616E-01
 414.77     415.77     2.488E-01  3.070E-01     5.557E-02   5.557E-01
 415.77     416.78     2.668E-01  3.257E-01     5.925E-02   5.925E-01
 416.78     417.78     2.439E-01  2.945E-01     5.384E-02   5.384E-01
 417.78     418.78     2.547E-01  3.044E-01     5.591E-02   5.591E-01
 418.78     419.78     2.544E-01  3.009E-01     5.553E-02   5.553E-01
 419.78     420.78     2.489E-01  2.913E-01     5.402E-02   5.402E-01
 420.78     421.79     2.747E-01  3.182E-01     5.929E-02   5.929E-01
 421.79     422.79     2.612E-01  2.994E-01     5.606E-02   5.606E-01
 422.79     423.79     2.561E-01  2.906E-01     5.467E-02   5.467E-01
 423.79     424.79     2.748E-01  3.087E-01     5.834E-02   5.834E-01
 424.79     425.80     2.535E-01  2.819E-01     5.354E-02   5.354E-01
 425.80     426.80     2.732E-01  3.008E-01     5.740E-02   5.740E-01
 426.80     427.80     2.406E-01  2.623E-01     5.028E-02   5.028E-01
 427.80     428.80     2.684E-01  2.898E-01     5.581E-02   5.581E-01
 428.80     429.80     2.519E-01  2.694E-01     5.213E-02   5.213E-01
 429.80     430.81     1.931E-01  2.045E-01     3.976E-02   3.976E-01
 430.81     431.81     2.198E-01  2.305E-01     4.503E-02   4.503E-01
 431.81     432.81     2.766E-01  2.873E-01     5.639E-02   5.639E-01
 432.81     433.81     3.153E-01  3.243E-01     6.396E-02   6.396E-01
 433.81     434.82     2.462E-01  2.509E-01     4.971E-02   4.971E-01
 434.82     435.82     2.962E-01  2.990E-01     5.952E-02   5.952E-01
 435.82     436.82     3.262E-01  3.262E-01     6.524E-02   6.524E-01
 436.82     437.82     3.018E-01  2.990E-01     6.008E-02   6.008E-01
 437.82     438.82     2.808E-01  2.757E-01     5.565E-02   5.565E-01
 438.82     439.83     3.042E-01  2.959E-01     6.001E-02   6.001E-01
 439.83     440.83     3.064E-01  2.954E-01     6.018E-02   6.018E-01
 440.83     441.83     3.266E-01  3.121E-01     6.387E-02   6.387E-01
 441.83     442.83     3.475E-01  3.290E-01     6.765E-02   6.765E-01
 442.83     443.83     3.322E-01  3.118E-01     6.440E-02   6.440E-01
 443.83     444.84     3.533E-01  3.287E-01     6.820E-02   6.820E-01
 444.84     445.84     3.373E-01  3.110E-01     6.482E-02   6.482E-01
 445.84     446.84     3.262E-01  2.982E-01     6.244E-02   6.244E-01
 446.84     447.84     3.589E-01  3.252E-01     6.841E-02   6.841E-01
 447.84     448.85     3.595E-01  3.229E-01     6.824E-02   6.824E-01
 448.85     449.85     3.509E-01  3.125E-01     6.634E-02   6.634E-01
 449.85     450.85     3.840E-01  3.391E-01     7.231E-02   7.231E-01
 450.85     451.85     3.830E-01  3.354E-01     7.184E-02   7.184E-01
 451.85     452.85     3.679E-01  3.195E-01     6.874E-02   6.874E-01
 452.85     453.86     3.410E-01  2.937E-01     6.347E-02   6.347E-01
 453.86     454.86     3.805E-01  3.249E-01     7.054E-02   7.054E-01
 454.86     455.86     3.631E-01  3.075E-01     6.706E-02   6.706E-01
 455.86     456.86     3.885E-01  3.264E-01     7.149E-02   7.149E-01
 456.86     457.87     3.978E-01  3.314E-01     7.291E-02   7.291E-01
 457.87     458.87     3.737E-01  3.088E-01     6.824E-02   6.824E-01
 458.87     459.87     3.874E-01  3.176E-01     7.050E-02   7.050E-01
 459.87     460.87     3.842E-01  3.124E-01     6.966E-02   6.966E-01
 460.87     461.87     4.000E-01  3.226E-01     7.225E-02   7.225E-01
 461.87     462.88     4.019E-01  3.216E-01     7.236E-02   7.236E-01
 462.88     463.88     4.034E-01  3.203E-01     7.237E-02   7.237E-01
 463.88     464.88     3.868E-01  3.048E-01     6.916E-02   6.916E-01
 464.88     465.88     3.881E-01  3.034E-01     6.915E-02   6.915E-01
 465.88     466.88     3.969E-01  3.079E-01     7.048E-02   7.048E-01
 466.88     467.89     3.934E-01  3.028E-01     6.963E-02   6.963E-01
 467.89     468.89     3.937E-01  3.007E-01     6.944E-02   6.944E-01
 468.89     469.89     4.041E-01  3.064E-01     7.105E-02   7.105E-01
 469.89     470.89     3.787E-01  2.849E-01     6.636E-02   6.636E-01
 470.89     471.90     3.968E-01  2.963E-01     6.931E-02   6.931E-01
 471.90     472.90     4.209E-01  3.120E-01     7.329E-02   7.329E-01
 472.90     473.90     3.931E-01  2.892E-01     6.823E-02   6.823E-01
 473.90     474.90     4.232E-01  3.090E-01     7.322E-02   7.322E-01
 474.90     475.90     4.120E-01  2.986E-01     7.106E-02   7.106E-01
 475.90     476.91     4.073E-01  2.930E-01     7.003E-02   7.003E-01
 476.91     477.91     4.268E-01  3.048E-01     7.316E-02   7.316E-01
 477.91     478.91     4.241E-01  3.007E-01     7.249E-02   7.249E-01
 478.91     479.91     4.304E-01  3.029E-01     7.333E-02   7.333E-01
 479.91     480.92     4.216E-01  2.946E-01     7.162E-02   7.162E-01
 480.92     481.92     4.309E-01  2.990E-01     7.299E-02   7.299E-01
 481.92     482.92     4.308E-01  2.968E-01     7.276E-02   7.276E-01
 482.92     483.92     4.269E-01  2.920E-01     7.189E-02   7.189E-01
 483.92     484.92     4.178E-01  2.838E-01     7.017E-02   7.017E-01
 484.92     485.93     4.018E-01  2.711E-01     6.729E-02   6.729E-01
 485.93     486.93     3.334E-01  2.234E-01     5.568E-02   5.568E-01
 486.93     487.93     3.927E-01  2.613E-01     6.540E-02   6.540E-01
 487.93     488.93     4.151E-01  2.743E-01     6.894E-02   6.894E-01
 488.93     489.93     4.180E-01  2.744E-01     6.924E-02   6.924E-01
 489.93     490.94     4.402E-01  2.870E-01     7.272E-02   7.272E-01
 490.94     491.94     4.298E-01  2.783E-01     7.081E-02   7.081E-01
 491.94     492.94     3.935E-01  2.531E-01     6.466E-02   6.466E-01
 492.94     493.94     4.329E-01  2.766E-01     7.096E-02   7.096E-01
 493.94     494.95     4.328E-01  2.747E-01     7.075E-02   7.075E-01
 494.95     495.95     4.258E-01  2.685E-01     6.943E-02   6.943E-01
 495.95     496.95     4.476E-01  2.803E-01     7.279E-02   7.279E-01
 496.95     497.95     4.448E-01  2.768E-01     7.216E-02   7.216E-01
 497.95     498.95     4.082E-01  2.523E-01     6.606E-02   6.606E-01
 498.95     499.96     4.374E-01  2.686E-01     7.060E-02   7.060E-01
 499.96     500.96     4.050E-01  2.471E-01     6.521E-02   6.521E-01
 500.96     501.96     4.102E-01  2.486E-01     6.588E-02   6.588E-01
 501.96     502.96     4.112E-01  2.476E-01     6.588E-02   6.588E-01
 502.96     503.97     4.364E-01  2.611E-01     6.975E-02   6.975E-01
 503.97     504.97     4.148E-01  2.466E-01     6.614E-02   6.614E-01
 504.97     505.97     4.283E-01  2.530E-01     6.814E-02   6.814E-01
 505.97     506.97     4.414E-01  2.591E-01     7.005E-02   7.005E-01
 506.97     507.97     4.323E-01  2.522E-01     6.845E-02   6.845E-01
 507.97     508.98     4.138E-01  2.399E-01     6.537E-02   6.537E-01
 508.98     509.98     4.412E-01  2.543E-01     6.955E-02   6.955E-01
 509.98     510.98     4.201E-01  2.407E-01     6.608E-02   6.608E-01
 510.98     511.98     4.407E-01  2.510E-01     6.917E-02   6.917E-01
 511.98     512.98     4.269E-01  2.416E-01     6.685E-02   6.685E-01
 512.98     513.99     4.254E-01  2.393E-01     6.647E-02   6.647E-01
 513.99     514.99     4.071E-01  2.276E-01     6.348E-02   6.348E-01
 514.99     515.99     4.321E-01  2.401E-01     6.722E-02   6.722E-01
 515.99     516.99     3.921E-01  2.166E-01     6.086E-02   6.086E-01
 516.99     518.00     3.781E-01  2.076E-01     5.858E-02   5.858E-01
 518.00     519.00     3.837E-01  2.095E-01     5.931E-02   5.931E-01
 519.00     520.00     4.142E-01  2.248E-01     6.391E-02   6.391E-01
 520.00     521.00     4.241E-01  2.288E-01     6.529E-02   6.529E-01
 521.00     522.00     4.332E-01  2.324E-01     6.656E-02   6.656E-01
 522.00     523.01     4.259E-01  2.271E-01     6.530E-02   6.530E-01
 523.01     524.01     4.349E-01  2.305E-01     6.654E-02   6.654E-01
 524.01     525.01     4.531E-01  2.388E-01     6.919E-02   6.919E-01
 525.01     526.01     4.446E-01  2.330E-01     6.776E-02   6.776E-01
 526.01     527.02     4.084E-01  2.128E-01     6.212E-02   6.212E-01
 527.02     528.02     4.060E-01  2.103E-01     6.162E-02   6.162E-01
 528.02     529.02     4.408E-01  2.270E-01     6.678E-02   6.678E-01
 529.02     530.02     4.486E-01  2.297E-01     6.784E-02   6.784E-01
 530.02     531.02     4.542E-01  2.312E-01     6.854E-02   6.854E-01
 531.02     532.03     4.610E-01  2.334E-01     6.944E-02   6.944E-01
 532.03     533.03     4.209E-01  2.119E-01     6.329E-02   6.329E-01
 533.03     534.03     4.509E-01  2.258E-01     6.766E-02   6.766E-01
 534.03     535.03     4.382E-01  2.182E-01     6.565E-02   6.565E-01
 535.03     536.03     4.616E-01  2.286E-01     6.902E-02   6.902E-01
 536.03     537.04     4.488E-01  2.211E-01     6.699E-02   6.699E-01
 537.04     538.04     4.407E-01  2.159E-01     6.566E-02   6.566E-01
 538.04     539.04     4.544E-01  2.215E-01     6.759E-02   6.759E-01
 539.04     540.04     4.342E-01  2.105E-01     6.446E-02   6.446E-01
 540.04     541.05     4.315E-01  2.080E-01     6.395E-02   6.395E-01
 541.05     542.05     4.431E-01  2.125E-01     6.556E-02   6.556E-01
 542.05     543.05     4.547E-01  2.169E-01     6.716E-02   6.716E-01
 543.05     544.05     4.394E-01  2.085E-01     6.479E-02   6.479E-01
 544.05     545.05     4.551E-01  2.148E-01     6.699E-02   6.699E-01
 545.05     546.06     4.621E-01  2.169E-01     6.790E-02   6.790E-01
 546.06     547.06     4.590E-01  2.144E-01     6.734E-02   6.734E-01
 547.06     548.06     4.486E-01  2.084E-01     6.570E-02   6.570E-01
 548.06     549.06     4.589E-01  2.121E-01     6.710E-02   6.710E-01
 549.06     550.07     4.657E-01  2.142E-01     6.798E-02   6.798E-01
 550.07     551.07     4.627E-01  2.103E-01     6.730E-02   6.730E-01
 551.07     552.07     4.622E-01  2.090E-01     6.712E-02   6.712E-01
 552.07     553.07     4.566E-01  2.054E-01     6.620E-02   6.620E-01
 553.07     554.07     4.664E-01  2.088E-01     6.752E-02   6.752E-01
 554.07     555.08     4.696E-01  2.092E-01     6.788E-02   6.788E-01
 555.08     556.08     4.695E-01  2.081E-01     6.776E-02   6.776E-01
 556.08     557.08     4.583E-01  2.021E-01     6.604E-02   6.604E-01
 557.08     558.08     4.494E-01  1.972E-01     6.465E-02   6.465E-01
 558.08     559.08     4.426E-01  1.932E-01     6.358E-02   6.358E-01
 559.08     560.09     4.444E-01  1.930E-01     6.374E-02   6.374E-01
 560.09     561.09     4.540E-01  1.962E-01     6.503E-02   6.503E-01
 561.09     562.09     4.501E-01  1.936E-01     6.437E-02   6.437E-01
 562.09     563.09     4.530E-01  1.939E-01     6.469E-02   6.469E-01
 563.09     564.10     4.578E-01  1.950E-01     6.528E-02   6.528E-01
 564.10     565.10     4.589E-01  1.945E-01     6.533E-02   6.533E-01
 565.10     566.10     4.412E-01  1.861E-01     6.273E-02   6.273E-01
 566.10     567.10     4.518E-01  1.896E-01     6.414E-02   6.414E-01
 567.10     568.10     4.642E-01  1.939E-01     6.580E-02   6.580E-01
 568.10     569.11     4.473E-01  1.860E-01     6.333E-02   6.332E-01
 569.11     570.11     4.603E-01  1.904E-01     6.507E-02   6.507E-01
 570.11     571.11     4.415E-01  1.818E-01     6.233E-02   6.233E-01
 571.11     572.11     4.480E-01  1.836E-01     6.316E-02   6.316E-01
 572.11     573.12     4.693E-01  1.915E-01     6.608E-02   6.608E-01
 573.12     574.12     4.666E-01  1.895E-01     6.560E-02   6.560E-01
 574.12     575.12     4.643E-01  1.877E-01     6.520E-02   6.520E-01
 575.12     576.12     4.566E-01  1.837E-01     6.403E-02   6.403E-01
 576.12     577.12     4.610E-01  1.847E-01     6.456E-02   6.456E-01
 577.12     578.13     4.651E-01  1.855E-01     6.506E-02   6.506E-01
 578.13     579.13     4.475E-01  1.777E-01     6.252E-02   6.252E-01
 579.13     580.13     4.590E-01  1.814E-01     6.404E-02   6.404E-01
 580.13     581.13     4.620E-01  1.818E-01     6.438E-02   6.438E-01
 581.13     582.13     4.654E-01  1.824E-01     6.477E-02   6.477E-01
 582.13     583.14     4.716E-01  1.840E-01     6.556E-02   6.556E-01
 583.14     584.14     4.685E-01  1.820E-01     6.505E-02   6.505E-01
 584.14     585.14     4.702E-01  1.818E-01     6.520E-02   6.520E-01
 585.14     586.14     4.521E-01  1.741E-01     6.262E-02   6.262E-01
 586.14     587.15     4.642E-01  1.780E-01     6.422E-02   6.422E-01
 587.15     588.15     4.709E-01  1.798E-01     6.506E-02   6.506E-01
 588.15     589.15     4.518E-01  1.717E-01     6.235E-02   6.235E-01
 589.15     590.15     4.112E-01  1.556E-01     5.669E-02   5.669E-01
 590.15     591.15     4.670E-01  1.760E-01     6.430E-02   6.430E-01
 591.15     592.16     4.618E-01  1.733E-01     6.351E-02   6.351E-01
 592.16     593.16     4.665E-01  1.743E-01     6.408E-02   6.408E-01
 593.16     594.16     4.623E-01  1.719E-01     6.342E-02   6.342E-01
 594.16     595.16     4.611E-01  1.708E-01     6.319E-02   6.319E-01
 595.16     596.17     4.599E-01  1.696E-01     6.295E-02   6.295E-01
 596.17     597.17     4.657E-01  1.710E-01     6.367E-02   6.367E-01
 597.17     598.17     4.601E-01  1.682E-01     6.283E-02   6.283E-01
 598.17     599.17     4.537E-01  1.651E-01     6.188E-02   6.188E-01
 599.17     600.17     4.582E-01  1.661E-01     6.243E-02   6.243E-01
 600.17     601.18     4.505E-01  1.626E-01     6.131E-02   6.131E-01
 601.18     602.18     4.506E-01  1.620E-01     6.126E-02   6.126E-01
 602.18     603.18     4.473E-01  1.601E-01     6.075E-02   6.075E-01
 603.18     604.18     4.639E-01  1.654E-01     6.293E-02   6.293E-01
 604.18     605.18     4.620E-01  1.640E-01     6.260E-02   6.260E-01
 605.18     606.19     4.605E-01  1.629E-01     6.233E-02   6.233E-01
 606.19     607.19     4.617E-01  1.626E-01     6.243E-02   6.243E-01
 607.19     608.19     4.636E-01  1.627E-01     6.263E-02   6.263E-01
 608.19     609.19     4.610E-01  1.611E-01     6.221E-02   6.221E-01
 609.19     610.20     4.650E-01  1.619E-01     6.269E-02   6.269E-01
 610.20     611.20     4.548E-01  1.578E-01     6.126E-02   6.126E-01
 611.20     612.20     4.668E-01  1.613E-01     6.281E-02   6.281E-01
 612.20     613.20     4.564E-01  1.571E-01     6.136E-02   6.136E-01
 613.20     614.20     4.530E-01  1.553E-01     6.083E-02   6.083E-01
 614.20     615.21     4.608E-01  1.574E-01     6.182E-02   6.182E-01
 615.21     616.21     4.623E-01  1.573E-01     6.196E-02   6.196E-01
 616.21     617.21     4.336E-01  1.470E-01     5.807E-02   5.807E-01
 617.21     618.21     4.609E-01  1.557E-01     6.165E-02   6.165E-01
 618.21     619.22     4.699E-01  1.581E-01     6.280E-02   6.280E-01
 619.22     620.22     4.611E-01  1.546E-01     6.157E-02   6.157E-01
 620.22     621.22     4.749E-01  1.586E-01     6.335E-02   6.335E-01
 621.22     622.22     4.604E-01  1.532E-01     6.136E-02   6.136E-01
 622.22     623.22     4.676E-01  1.550E-01     6.227E-02   6.227E-01
 623.22     624.23     4.578E-01  1.512E-01     6.089E-02   6.089E-01
 624.23     625.23     4.572E-01  1.504E-01     6.077E-02   6.077E-01
 625.23     626.23     4.506E-01  1.477E-01     5.983E-02   5.983E-01
 626.23     627.23     4.677E-01  1.528E-01     6.204E-02   6.204E-01
 627.23     628.23     4.708E-01  1.532E-01     6.240E-02   6.240E-01
 628.23     629.24     4.727E-01  1.533E-01     6.259E-02   6.259E-01
 629.24     630.24     4.668E-01  1.508E-01     6.177E-02   6.177E-01
 630.24     631.24     4.638E-01  1.493E-01     6.131E-02   6.131E-01
 631.24     632.24     4.545E-01  1.458E-01     6.003E-02   6.003E-01
 632.24     633.25     4.695E-01  1.501E-01     6.196E-02   6.196E-01
 633.25     634.25     4.604E-01  1.466E-01     6.070E-02   6.070E-01
 634.25     635.25     4.673E-01  1.483E-01     6.156E-02   6.156E-01
 635.25     636.25     4.664E-01  1.475E-01     6.139E-02   6.139E-01
 636.25     637.25     4.638E-01  1.462E-01     6.100E-02   6.100E-01
 637.25     638.26     4.728E-01  1.485E-01     6.213E-02   6.213E-01
 638.26     639.26     4.745E-01  1.485E-01     6.229E-02   6.229E-01
 639.26     640.26     4.563E-01  1.423E-01     5.986E-02   5.986E-01
 640.26     641.26     4.678E-01  1.454E-01     6.131E-02   6.131E-01
 641.26     642.27     4.588E-01  1.421E-01     6.009E-02   6.009E-01
 642.27     643.27     4.674E-01  1.442E-01     6.117E-02   6.117E-01
 643.27     644.27     4.621E-01  1.421E-01     6.043E-02   6.043E-01
 644.27     645.27     4.677E-01  1.433E-01     6.111E-02   6.111E-01
 645.27     646.27     4.692E-01  1.433E-01     6.125E-02   6.125E-01
 646.27     647.28     4.628E-01  1.409E-01     6.037E-02   6.037E-01
 647.28     648.28     4.699E-01  1.426E-01     6.125E-02   6.125E-01
 648.28     649.28     4.702E-01  1.422E-01     6.124E-02   6.124E-01
 649.28     650.28     4.409E-01  1.328E-01     5.737E-02   5.737E-01
 650.28     651.28     4.726E-01  1.419E-01     6.146E-02   6.146E-01
 651.28     652.29     4.673E-01  1.399E-01     6.072E-02   6.072E-01
 652.29     653.29     4.687E-01  1.398E-01     6.084E-02   6.084E-01
 653.29     654.29     4.682E-01  1.392E-01     6.074E-02   6.074E-01
 654.29     655.29     4.609E-01  1.365E-01     5.974E-02   5.974E-01
 655.29     656.30     4.326E-01  1.277E-01     5.603E-02   5.603E-01
 656.30     657.30     3.709E-01  1.092E-01     4.801E-02   4.801E-01
 657.30     658.30     4.536E-01  1.331E-01     5.867E-02   5.867E-01
 658.30     659.30     4.618E-01  1.350E-01     5.968E-02   5.968E-01
 659.30     660.30     4.527E-01  1.319E-01     5.847E-02   5.847E-01
 660.30     661.31     4.604E-01  1.338E-01     5.942E-02   5.942E-01
 661.31     662.31     4.658E-01  1.349E-01     6.007E-02   6.007E-01
 662.31     663.31     4.634E-01  1.337E-01     5.972E-02   5.972E-01
 663.31     664.31     4.538E-01  1.305E-01     5.843E-02   5.843E-01
 664.31     665.32     4.588E-01  1.316E-01     5.904E-02   5.904E-01
 665.32     666.32     4.638E-01  1.326E-01     5.963E-02   5.963E-01
 666.32     667.32     4.588E-01  1.307E-01     5.895E-02   5.895E-01
 667.32     668.32     4.609E-01  1.309E-01     5.918E-02   5.918E-01
 668.32     669.32     4.708E-01  1.333E-01     6.041E-02   6.041E-01
 669.32     670.33     4.675E-01  1.319E-01     5.995E-02   5.995E-01
 670.33     671.33     4.674E-01  1.315E-01     5.989E-02   5.989E-01
 671.33     672.33     4.612E-01  1.293E-01     5.905E-02   5.905E-01
 672.33     673.33     4.689E-01  1.311E-01     5.999E-02   5.999E-01
 673.33     674.33     4.707E-01  1.312E-01     6.019E-02   6.019E-01
 674.33     675.34     4.674E-01  1.298E-01     5.972E-02   5.972E-01
 675.34     676.34     4.700E-01  1.302E-01     6.001E-02   6.001E-01
 676.34     677.34     4.663E-01  1.287E-01     5.950E-02   5.950E-01
 677.34     678.34     4.672E-01  1.286E-01     5.957E-02   5.957E-01
 678.34     679.35     4.619E-01  1.267E-01     5.887E-02   5.887E-01
 679.35     680.35     4.601E-01  1.259E-01     5.859E-02   5.859E-01
 680.35     681.35     4.600E-01  1.254E-01     5.854E-02   5.854E-01
 681.35     682.35     4.633E-01  1.259E-01     5.892E-02   5.892E-01
 682.35     683.35     4.651E-01  1.261E-01     5.912E-02   5.912E-01
 683.35     684.36     4.600E-01  1.243E-01     5.842E-02   5.842E-01
 684.36     685.36     4.624E-01  1.246E-01     5.870E-02   5.870E-01
 685.36     686.36     4.598E-01  1.235E-01     5.833E-02   5.833E-01
 686.36     687.36     4.660E-01  1.248E-01     5.907E-02   5.907E-01
 687.36     688.37     4.630E-01  1.236E-01     5.866E-02   5.866E-01
 688.37     689.37     4.628E-01  1.232E-01     5.859E-02   5.859E-01
 689.37     690.37     4.632E-01  1.229E-01     5.861E-02   5.861E-01
 690.37     691.37     4.620E-01  1.222E-01     5.843E-02   5.843E-01
 691.37     692.37     4.575E-01  1.207E-01     5.782E-02   5.782E-01
 692.37     693.38     4.608E-01  1.212E-01     5.820E-02   5.820E-01
 693.38     694.38     4.641E-01  1.217E-01     5.858E-02   5.858E-01
 694.38     695.38     4.595E-01  1.201E-01     5.796E-02   5.796E-01
 695.38     696.38     4.645E-01  1.211E-01     5.856E-02   5.856E-01
 696.38     697.38     4.655E-01  1.210E-01     5.865E-02   5.865E-01
 697.38     698.39     4.529E-01  1.174E-01     5.703E-02   5.703E-01
 698.39     699.39     4.666E-01  1.206E-01     5.872E-02   5.872E-01
 699.39     700.39     4.628E-01  1.192E-01     5.820E-02   5.820E-01
 700.39     701.39     4.563E-01  1.172E-01     5.735E-02   5.735E-01
 701.39     702.40     4.535E-01  1.162E-01     5.697E-02   5.697E-01
 702.40     703.40     4.540E-01  1.160E-01     5.699E-02   5.699E-01
 703.40     704.40     4.551E-01  1.159E-01     5.710E-02   5.710E-01
 704.40     705.40     4.635E-01  1.177E-01     5.813E-02   5.813E-01
 705.40     706.40     4.560E-01  1.155E-01     5.715E-02   5.715E-01
 706.40     707.41     4.550E-01  1.149E-01     5.699E-02   5.699E-01
 707.41     708.41     4.609E-01  1.160E-01     5.769E-02   5.769E-01
 708.41     709.41     4.476E-01  1.124E-01     5.600E-02   5.600E-01
 709.41     710.41     4.542E-01  1.137E-01     5.679E-02   5.679E-01
 710.41     711.42     4.533E-01  1.132E-01     5.664E-02   5.664E-01
 711.42     712.42     4.485E-01  1.117E-01     5.602E-02   5.602E-01
 712.42     713.42     4.463E-01  1.108E-01     5.570E-02   5.570E-01
 713.42     714.42     4.525E-01  1.120E-01     5.645E-02   5.645E-01
 714.42     715.42     4.421E-01  1.091E-01     5.513E-02   5.513E-01
 715.42     716.43     4.512E-01  1.111E-01     5.623E-02   5.623E-01
 716.43     717.43     4.423E-01  1.086E-01     5.509E-02   5.509E-01
 717.43     718.43     4.430E-01  1.084E-01     5.514E-02   5.514E-01
 718.43     719.43     4.395E-01  1.073E-01     5.469E-02   5.469E-01
 719.43     720.43     4.392E-01  1.069E-01     5.462E-02   5.462E-01
 720.43     721.44     4.388E-01  1.065E-01     5.453E-02   5.453E-01
 721.44     722.44     4.405E-01  1.067E-01     5.472E-02   5.472E-01
 722.44     723.44     4.399E-01  1.062E-01     5.462E-02   5.462E-01
 723.44     724.44     4.421E-01  1.065E-01     5.486E-02   5.486E-01
 724.44     725.45     4.401E-01  1.057E-01     5.457E-02   5.457E-01
 725.45     726.45     4.386E-01  1.051E-01     5.437E-02   5.437E-01
 726.45     727.45     4.422E-01  1.056E-01     5.478E-02   5.478E-01
 727.45     728.45     4.393E-01  1.047E-01     5.440E-02   5.440E-01
 728.45     729.45     4.237E-01  1.007E-01     5.244E-02   5.244E-01
 729.45     730.46     4.344E-01  1.029E-01     5.373E-02   5.373E-01
 730.46     731.46     4.316E-01  1.020E-01     5.336E-02   5.336E-01
 731.46     732.46     4.374E-01  1.031E-01     5.405E-02   5.405E-01
 732.46     733.46     4.305E-01  1.012E-01     5.317E-02   5.317E-01
 733.46     734.47     4.388E-01  1.029E-01     5.417E-02   5.417E-01
 734.47     735.47     4.331E-01  1.013E-01     5.343E-02   5.343E-01
 735.47     736.47     4.293E-01  1.001E-01     5.295E-02   5.295E-01
 736.47     737.47     4.334E-01  1.008E-01     5.342E-02   5.342E-01
 737.47     738.47     4.320E-01  1.002E-01     5.322E-02   5.322E-01
 738.47     739.48     4.185E-01  9.683E-02     5.153E-02   5.153E-01
 739.48     740.48     4.245E-01  9.796E-02     5.224E-02   5.224E-01
 740.48     741.48     4.204E-01  9.678E-02     5.172E-02   5.172E-01
 741.48     742.48     4.187E-01  9.612E-02     5.148E-02   5.148E-01
 742.48     743.48     4.268E-01  9.773E-02     5.245E-02   5.245E-01
 743.48     744.49     4.299E-01  9.819E-02     5.281E-02   5.281E-01
 744.49     745.49     4.230E-01  9.636E-02     5.194E-02   5.194E-01
 745.49     746.49     4.272E-01  9.706E-02     5.242E-02   5.242E-01
 746.49     747.49     4.321E-01  9.792E-02     5.300E-02   5.300E-01
 747.49     748.50     4.277E-01  9.667E-02     5.243E-02   5.243E-01
 748.50     749.50     4.286E-01  9.664E-02     5.252E-02   5.252E-01
 749.50     750.50     4.229E-01  9.510E-02     5.180E-02   5.180E-01
